1.348331 2.384092
0.686443 2.336829
-0.281902 1.852904
1.787504 -0.757876
-2.440591 2.162514
-0.698723 0.367683
-1.341473 1.204005
-0.721794 -0.718195
0.932599 2.031163
1.121483 2.360022
0.286765 2.692228
1.009334 1.958895
1.345438 1.997170
0.941106 2.128231
-2.017063 0.571360
-1.257296 0.946214
0.636552 1.671247
-1.724214 0.409950
1.247658 1.457666
0.907213 2.485602
0.477826 2.258354
0.433542 2.198311
-2.970513 0.208701
-1.737817 0.862858
-2.156734 1.608690
2.344869 -0.433879
-2.614317 2.275115
0.856294 1.750622
-1.740808 1.332516
1.709823 1.422223
1.886251 1.312073
1.148586 -0.189210
-0.316590 0.642678
1.459185 1.449948
-0.204778 0.179887
-0.313550 0.404529
1.101315 1.785655
-0.320422 -0.245107
0.556921 2.459212
1.547226 1.973040
-0.907206 0.160401
1.361867 1.881376
2.613127 1.766219
-0.355903 -0.024299
-0.717323 0.698314
-0.989816 1.247572
-1.599367 0.911578
1.002578 -0.483036
-1.743744 1.306582
0.659938 2.185791
-1.896416 0.308431
1.711523 1.664090
-3.089069 0.235387
2.495864 1.911428
1.300267 1.669652
0.909667 1.469451
-1.342106 0.445374
1.883344 1.910907
-1.075520 2.061370
1.644193 -0.641552
1.038270 0.241088
-1.825811 0.823650
2.122458 -0.357103
0.760655 0.297719
0.797002 2.264931
2.369129 -0.276528
1.485283 1.264480
-2.855761 1.187310
1.347203 1.597960
1.333035 2.278459
1.650315 1.230348
-0.078280 -0.205514
-0.254141 -0.657932
0.124452 2.027719
0.702916 2.287606
-2.312210 1.150712
-1.443768 -0.152778
-1.641257 -0.353693
0.230256 2.627897
2.686186 -0.382175
1.693650 -0.245924
-0.217107 -1.289421
1.103814 2.480474
-0.481220 -1.126220
0.487219 -0.128735
1.778175 1.576992
-2.481619 -0.527927
1.973034 0.100779
0.389454 -0.332641
-1.280502 0.689120
-0.425795 -0.470743
1.481424 -0.226070
-1.898955 2.857407
1.965800 -0.315877
2.343772 0.065087
1.882723 1.088423
1.958315 1.896226
-2.213487 0.295572
0.193495 -0.338164
1.344032 -0.641994
-2.308542 -0.367394
-0.122994 -0.300819
1.236772 -0.687483
1.690660 1.744524
0.668488 -0.256460
1.004545 -0.300510
1.323268 1.895259
-3.155992 0.739853
0.727205 1.317490
-1.686145 1.314283
0.619849 2.350487
-3.309385 0.398157
-3.140716 2.077571
-0.247880 -0.140154
1.197448 1.590547
-1.899982 -0.298076
1.215746 1.495392
-1.100339 0.292861
0.054344 2.078032
1.322020 1.892959
0.158337 -0.255150
-2.124451 1.710721
-2.254295 0.129649
-1.205232 0.517480
2.990094 -0.212263
0.927601 -0.080368
2.368236 1.095757
0.200503 0.187555
-0.454372 -0.499230
-0.675002 0.930276
0.746493 1.979954
1.034834 -0.551130
-1.489961 0.574322
1.590036 2.066453
0.463491 -0.263919
-0.913973 0.763406
0.056614 -0.405852
-2.839867 1.239369
-1.910216 1.091345
1.272087 1.595963
1.137961 2.255316
0.095869 2.533199
1.204544 2.039761
-2.400348 1.385200
-2.532837 0.981473
1.573719 1.715972
-0.465282 0.427999
1.213615 1.416716
0.736547 2.413047
0.234331 2.999394
-1.052064 1.031953
-1.898383 2.011042
-0.994825 0.803780
-1.981910 0.273828
0.678626 2.628364
1.391941 1.504586
1.251583 -0.470931
2.119342 1.533932
-1.280351 0.899031
-1.693792 0.737534
1.836176 0.060692
-2.182088 0.223711
-1.833155 1.012038
0.307597 2.184160
-2.185382 0.203532
-2.432544 0.361554
-0.957768 0.268017
1.123712 1.748881
2.136926 1.142176
-2.445656 1.144975
1.732989 -0.308810
-2.451573 1.536649
-0.592292 -0.197019
2.236600 1.544313
-2.224815 0.909897
-0.587074 -0.341241
-2.449977 2.372739
2.854779 -0.255667
1.679196 2.103508
-1.206867 0.519779
-2.444802 0.232496
1.331705 2.391075
1.493652 -0.101313
1.371660 -0.377621
-1.646578 1.077120
1.579907 1.973820
1.830975 -0.262452
1.836931 -0.506706
0.550566 1.994938
2.273532 -0.900502
1.990803 -0.219645
-0.877634 -0.800937
2.112267 -0.377831
2.377328 -0.482095
-0.020523 2.467424
-1.047580 1.814866
0.771185 2.171200
-0.696321 1.736064
0.586815 1.596945
1.063073 1.871015
1.382233 -1.130899
-0.662121 0.247987
2.840668 1.176611
1.341596 2.392703
0.384645 2.360313
3.396952 -0.815375
0.956229 2.390991
1.389711 2.196746
1.553713 0.095650
-1.396632 1.691461
-1.888987 1.349215
2.220167 1.747162
0.281433 0.517398
-0.772277 -0.542570
1.685953 -0.259139
-0.424015 0.792201
-0.761256 1.048037
-2.233438 0.565354
1.655762 -0.030754
0.010948 -1.116273
-0.900875 0.746535
-2.192512 0.812620
0.871930 2.336864
2.757740 1.424556
1.032641 1.789073
-2.663884 1.215125
1.187007 1.783872
1.842727 -0.456389
1.899897 0.089252
0.919693 2.227109
-2.623026 0.771127
1.047595 2.056190
-0.997228 -0.160410
1.034710 2.064506
-1.926083 0.213713
-1.182860 0.906727
-0.600916 1.688250
1.798165 -0.347704
1.512019 2.206995
1.994026 1.786761
0.225850 0.022262
1.325588 1.982064
2.649884 0.981433
2.003310 1.660163
1.269465 1.634694
2.201259 0.996754
-2.198700 0.653905
2.022162 1.783915
0.884076 1.788015
-2.397275 0.133971
-1.306873 -0.319756
2.140922 -0.423577
1.532727 1.524326
1.631442 1.643124
-3.153899 0.164919
-1.501671 -0.239513
1.512963 1.448566
1.472525 1.881413
2.095556 1.584471
0.446147 -0.227079
1.473598 -0.183371
1.483675 1.957351
-1.051657 1.379832
1.663534 1.595148
-1.089993 1.627857
1.116111 2.040873
1.183684 2.689326
-0.308475 2.562840
1.612054 1.796143
-1.031011 0.325243
1.548524 1.372396
-1.009242 1.426894
2.647159 -0.425628
-1.709660 1.573010
-1.730853 0.002846
-2.488503 1.478719
-1.607449 2.124877
0.512144 2.905179
0.537562 2.063176
1.099435 -0.622437
-2.094697 0.160000
0.598786 1.977303
-1.974384 0.838811
-2.668607 1.956472
2.478193 1.792615
3.262238 -0.860597
-1.729618 0.644094
0.190192 2.118279
2.325514 1.799831
-3.075980 1.306925
3.387667 -0.468494
1.251480 2.015373
1.141256 -0.504725
-2.968894 0.839324
-1.094187 1.851613
2.046043 1.792172
-1.342619 -0.215469
2.152311 1.427466
1.046369 -0.072389
-0.934790 0.476409
0.511501 2.716194
-0.135700 -1.733102
-0.006218 -0.243623
-1.560026 0.156272
-0.867785 0.505072
1.536751 1.566712
1.470505 1.690181
1.412783 1.815795
-2.941449 0.003788
-2.927054 -0.507256
0.982291 2.117602
-1.642162 0.283857
1.505311 0.000693
1.848593 -0.046054
-0.092744 0.398434
2.025607 1.577435
1.180122 0.032423
-2.187836 0.566080
-2.245355 0.430403
1.478504 1.859953
1.520680 1.385192
-1.994654 1.782457
-1.709587 1.773238
1.283833 2.093715
1.485219 -0.384098
1.803873 1.895120
1.776083 1.935446
1.854583 2.190769
2.463420 1.378511
-2.337302 1.017716
0.387927 2.351307
-0.340204 2.677162
1.138289 1.689052
-0.801701 -0.043932
0.973440 -0.133649
-0.008338 2.583569
-0.450610 0.865722
-0.800320 0.734733
-2.928104 1.712699
-0.491725 1.578234
2.382426 1.887700
1.341458 2.226027
0.586261 2.303726
2.298369 1.412730
-2.970490 -0.292609
2.125399 1.734242
1.615161 -0.075882
1.261264 1.827948
-1.438804 -0.303262
2.044013 -0.362927
0.817656 1.688417
3.390624 -0.366972
-1.607227 -0.622716
1.732490 -0.760347
1.021412 2.126974
-1.012274 -0.048093
1.447187 -0.241199
1.440615 2.183767
2.070133 1.569166
-1.838158 0.563183
1.484598 1.511428
1.429406 1.521819
-1.059845 1.166390
-2.157047 1.704569
1.521754 0.266533
1.256388 -0.174682
1.345768 2.085632
0.790408 2.010381
1.695219 -0.352971
1.242928 1.757216
-1.090639 1.715907
1.681202 -0.119520
1.692102 1.653884
0.577105 2.227492
0.095497 -0.616105
-2.304120 1.267448
0.714967 2.277139
-0.694735 0.216230
3.211241 -0.379228
0.227003 0.040839
0.924510 0.032915
1.664534 2.183569
0.609905 -0.285838
2.477512 1.458343
-1.296376 0.484767
-1.612922 1.308333
1.142922 2.008895
1.568885 2.051983
0.767086 2.245939
1.382593 1.658974
2.070985 1.318044
2.392301 -0.369158
1.966646 1.551608
0.609065 2.561326
2.149405 -0.102011
0.913216 2.174746
1.079583 2.350122
0.327937 1.993586
-1.527808 0.918845
-2.270174 0.269242
1.950605 -0.331892
0.467090 0.095148
-0.211999 0.020547
-2.195214 0.117575
1.768155 1.760307
-2.409244 1.219398
0.870551 1.812088
1.260561 1.866680
0.703187 2.425025
-0.373887 0.476916
0.855754 2.558706
1.767050 1.778070
-0.047175 -0.285443
0.694814 2.239943
-2.227778 2.431529
1.191307 -0.129407
1.488171 2.033525
0.903786 1.925441
1.552718 2.030923
-0.868338 1.294625
1.235560 1.625857
-1.656399 0.098678
1.389394 2.071244
0.209124 1.926832
2.426342 1.127606
-1.434689 1.115907
-2.809568 0.641411
-1.030262 0.339022
-2.656693 0.279393
-2.302304 -0.267017
-2.174160 -0.388134
-1.120814 0.712803
0.680002 -0.108548
-2.797587 0.077139
2.040004 1.481024
0.730293 1.705821
0.853713 -0.103168
1.793933 1.715636
1.128669 1.715847
0.662758 2.186062
0.362007 -0.070320
-0.776166 -0.792706
-1.040273 -0.058359
0.208707 1.883615
0.252646 2.250406
-1.943820 0.393590
0.348990 1.857468
3.176272 -0.232069
2.884764 1.410981
1.965722 1.670223
-0.599845 1.781245
1.126538 -0.546154
2.068373 1.314788
-0.033337 2.290826
2.214368 2.078968
-0.983216 1.337007
0.864078 1.863499
-1.701451 1.912600
1.141625 -0.427998
-2.048976 0.448403
0.495175 -0.145614
1.181319 1.794500
-1.032837 -0.364300
1.672454 2.153158
-1.823647 1.778515
-2.097807 0.117152
0.943982 0.178860
2.444556 1.140911
-1.977239 0.000134
0.906908 -0.289560
1.332506 1.705172
-0.945140 1.454772
1.477705 1.879404
2.489323 -0.014856
2.109544 1.115547
1.419293 1.930604
1.772668 1.998780
-3.276224 0.565452
-0.500534 0.905260
0.844397 1.895462
0.981596 1.982253
1.590344 -0.473739
2.715678 0.662759
1.677079 1.631937
0.214876 2.640196
0.505548 2.456857
-0.855112 0.053036
1.700207 -0.052071
-0.977576 0.996227
0.185300 0.208862
0.804619 1.891740
0.815587 2.069411
-0.860569 0.529235
0.916773 1.969928
2.239460 1.154337
1.814119 0.536377
2.445408 -0.059718
0.332813 0.028199
0.504952 -0.393189
1.534011 2.019287
0.201525 -0.233161
-0.079451 0.103314
-2.019706 0.733343
1.779144 1.882961
1.732751 1.799248
-0.939915 0.715066
1.098802 -0.167325
1.574297 2.110639
2.508908 1.807914
1.429985 -0.282237
1.201453 1.943567
-1.136033 0.639531
2.796782 1.111736
-0.922993 -0.154660
-0.472247 2.390637
1.634075 1.528412
0.905287 -0.358280
2.313836 0.931956
1.373359 2.109474
1.680280 1.951060
1.065896 1.835167
0.365841 -0.525682
-2.141238 -0.660401
-2.479849 1.127999
2.422710 -0.593768
-1.578570 2.058999
0.727632 2.168472
0.029569 -0.654044
2.034592 0.458678
-1.584681 0.769723
-2.088144 1.411344
1.090223 2.192352
1.662902 1.385275
-1.715297 1.399599
1.927313 -0.571439
0.455830 2.373294
1.383885 1.968481
2.017528 1.354774
-2.125467 0.317530
1.204396 2.037596
0.345269 2.228443
-0.824499 0.675122
-2.099131 -0.165359
-3.171262 -0.673388
1.143486 -0.578814
-2.356226 -0.252737
1.598709 2.016770
0.527441 2.451542
-2.773732 1.142526
1.735862 1.706084
2.157138 -0.322247
0.592817 -0.678427
1.412852 -0.441085
0.774882 -0.478427
0.650874 2.792355
0.403550 -0.489477
-2.984183 -0.109505
1.204949 2.021277
-2.085188 0.063587
0.783864 -0.152462
3.292297 -0.416578
0.799244 2.109156
0.361196 -0.723415
-1.783839 0.997708
1.338720 2.276377
1.611774 1.785560
0.785704 1.956308
0.485672 2.778652
-0.123605 2.460118
1.111996 1.656034
1.359761 1.623885
2.053982 -0.877485
1.454495 -0.346603
-0.941973 0.875652
1.293633 1.577463
1.480139 1.903870
-1.136974 0.115437
3.246805 -0.415112
1.338695 1.573638
0.371628 2.341421
0.413337 -0.198892
0.211110 -0.093310
-1.914503 -0.039877
0.568936 -0.662256
-1.185883 -0.487022
0.310650 -0.432823
1.117671 1.704280
-2.527106 1.154017
0.880555 1.732386
-1.614069 1.024003
1.439278 1.708836
1.744384 2.141116
-0.833399 -0.152752
-1.833955 1.055809
2.104571 1.746305
-1.685375 1.553317
-1.156939 0.095536
-0.069095 -0.173072
-2.154213 0.508099
1.689711 1.871510
-1.245398 1.340768
-0.507833 0.821739
1.752395 1.864913
-2.000867 -0.197360
2.126608 1.708853
-1.289516 0.182311
0.937550 2.231243
-2.251462 0.109240
-1.025188 1.156925
2.274228 -0.318772
-0.048345 0.293110
-2.011369 0.861757
2.199070 -0.383921
-0.801760 -0.347131
0.829738 1.347751
-1.283155 1.614350
-0.673905 0.262388
-2.514791 1.439274
1.536052 -0.105982
0.606337 -0.069818
1.799365 1.489372
-2.558527 -1.113862
0.622626 1.745697
1.126681 1.493083
2.121875 -0.521786
-1.729923 1.415284
0.580311 -0.561202
-3.545213 1.312169
0.601892 2.445722
0.972507 1.427294
2.665539 -0.404287
-1.214786 0.678261
-1.559164 0.779485
-1.359472 0.988984
1.633781 1.994868
-1.436625 0.897816
-0.538363 0.799828
-0.027289 -0.814567
1.326380 2.167567
-1.442949 1.648635
-0.133245 0.874675
2.130293 1.961745
1.366146 2.377233
-1.160513 0.979612
2.507014 -0.667305
1.384860 0.341434
1.705660 2.061354
-2.213508 0.180549
1.403689 -0.474389
1.172438 2.077283
0.897504 2.532785
1.992477 1.372247
1.195524 2.216363
1.251005 2.428252
1.447502 2.115691
-2.935941 1.299539
1.636839 -0.525334
1.526673 1.747555
-0.808624 0.347528
-2.195256 1.161996
0.506159 2.212272
1.498163 2.095302
1.871349 1.642409
2.203517 -0.487416
1.543599 2.178746
-1.038585 1.250030
0.434200 -0.625870
-0.528900 0.675883
0.003549 1.963418
-1.354984 1.032462
2.149348 0.193115
-1.200202 1.671366
2.988123 -0.268740
-1.410304 -0.093239
-2.202434 0.789421
0.932138 2.405404
0.923154 -0.107759
2.496074 1.088429
-0.865391 0.248426
-2.017746 0.566599
-1.032880 0.096055
-1.112643 0.040604
2.180095 1.913325
0.632881 2.082077
-2.258280 0.221329
-1.997037 0.012888
2.662916 -0.281307
-2.510625 0.482228
1.986778 1.687145
0.617647 2.358300
-1.498731 2.149128
-2.540251 1.458269
2.602691 1.131508
2.511833 1.864029
-1.099651 0.148949
-2.047032 1.985585
1.319897 1.782873
-0.683269 -0.205802
1.463095 -0.983874
1.984369 1.141344
-1.105629 0.551628
1.277006 1.814109
1.875822 0.108439
0.612676 2.469141
2.898919 -0.283512
1.652937 1.346577
2.002085 1.607404
0.154013 -0.250738
2.435025 1.527775
-1.436869 0.045628
-1.751668 1.160324
-3.204389 1.483421
-2.501725 -0.200442
-0.084886 -0.448953
1.605864 2.068110
0.968277 1.828970
2.123160 1.933259
1.695933 1.218015
-1.414773 0.748521
-0.028140 2.146076
-1.501387 1.043985
-2.859344 1.295996
0.936975 -0.506247
1.524686 2.105905
1.211042 -0.048290
-2.739211 0.969126
0.503348 2.600511
0.321546 2.465826
1.657722 1.600899
0.329097 0.093993
2.084231 -0.179666
0.973313 2.251856
-0.907075 0.103325
-1.245231 0.658819
1.319540 1.898929
0.221567 -0.041010
-1.201365 0.834754
0.438777 2.362231
-1.309583 1.470237
1.559555 -0.050667
2.912554 -0.182738
-0.239279 -1.547240
1.043450 2.207589
0.135843 2.477291
-1.929096 -0.099050
-0.697687 0.726468
2.373296 1.268062
-0.147655 0.487981
-2.425978 2.660138
1.582614 1.343343
1.006061 -0.177139
2.450961 -0.432301
1.592428 1.543956
2.821917 -0.342914
-1.276196 0.317996
1.463286 -0.540600
1.774385 1.645094
-1.188438 0.001326
1.588694 1.671616
2.046091 1.394065
1.095817 -0.065269
1.694880 -0.377347
-0.237809 0.023923
-3.324853 -0.258822
1.547433 1.702527
-1.947753 1.455813
-2.486037 1.162273
-1.064338 1.650216
1.173264 1.311632
0.925003 2.134539
1.587652 -0.338013
1.588537 2.149802
-2.072677 1.201873
-1.359158 0.393882
0.791433 2.002156
-1.401823 1.329987
1.988143 0.154261
-1.535120 0.681215
1.898573 -0.567720
1.503235 0.294363
-1.586794 0.561278
1.155946 0.016539
2.572030 0.118308
-0.766786 0.533424
1.779566 1.932927
-2.447471 1.410446
1.501651 1.707416
1.816415 0.006033
2.259223 1.765150
0.797714 2.457054
1.139867 2.470597
0.815899 2.287485
2.838863 -0.329064
1.249632 -0.442893
0.301319 -0.763198
-0.171817 -0.390348
-1.697699 1.221261
-2.777522 1.405308
1.836948 1.561843
2.310830 1.612250
-2.757895 1.278000
0.780362 -0.200662
-2.145724 1.478851
-1.310500 3.150558
-1.875022 1.137700
1.698461 2.260486
2.055692 0.067948
-1.125698 0.337446
0.042267 -0.367928
1.112164 2.403472
0.679559 -0.482577
0.454786 2.455089
0.676906 1.826961
1.928535 2.087089
-1.007972 0.940839
3.308746 -0.404445
1.059074 -0.503350
1.410057 1.689007
-1.020202 0.024898
-1.140173 1.682404
-2.344482 0.712854
1.305858 1.645106
-1.564349 1.116562
-2.849505 0.056176
-0.465758 1.416367
-1.599811 1.081869
-0.127967 -0.933406
-0.908987 1.532519
0.097121 -0.407844
0.906173 2.014315
0.058078 -0.458991
2.273631 -0.358796
2.228315 -0.043862
1.133230 2.075772
-1.980179 -0.426716
-1.980419 0.425304
-1.452616 1.917110
1.034723 1.952561
1.629890 2.199511
0.934292 -0.262429
0.373701 2.535034
1.327139 2.144542
1.423289 1.798987
0.964576 -0.131854
0.447557 0.261593
1.748012 1.330124
0.701657 -0.483169
-1.250626 1.349658
1.946426 1.720237
2.186304 1.761156
-1.526795 1.591313
1.373727 1.816806
-2.403755 1.997666
-0.514870 0.137414
-0.598577 1.000834
0.663897 1.914024
2.812910 -0.834777
-1.813190 1.601627
1.290897 -0.022695
1.444145 1.428803
-1.843663 1.973513
-1.794547 0.508782
1.802678 1.331857
0.451517 -0.636951
0.820185 -0.151882
-1.368110 2.119240
1.671855 -0.113194
-1.866485 0.809590
0.905681 2.378067
2.526652 1.193072
2.981626 1.377429
-1.279239 0.075413
1.402735 2.082992
-0.574831 2.629934
-2.870472 0.403677
-1.803187 0.961849
0.879429 2.146339
-1.883669 0.964479
-3.074072 2.990099
-2.627742 1.707953
1.060711 0.176359
1.369562 1.493297
-2.300965 0.038919
1.071162 -0.258841
1.226688 1.136057
-0.500535 -0.156011
-0.870264 0.874652
-2.889255 2.148913
1.417029 2.145849
-1.212465 0.907794
-2.113494 0.677639
0.943905 -0.088182
1.459922 -0.004488
-1.197595 -0.536802
0.060450 2.524099
1.065888 1.906958
1.803321 0.165308
-1.644737 1.763126
0.106414 2.797731
1.044414 1.837514
-0.005985 -0.386572
0.811386 1.931182
-3.379427 -0.105703
-0.441366 -0.099415
1.203167 1.964731
-0.384023 -0.394817
-1.076411 0.221890
1.475754 -0.521923
1.454003 1.412299
1.244833 2.297586
0.183886 2.272913
0.377181 -0.206404
1.595994 1.952932
1.124544 1.938449
-1.151002 -0.065847
-1.963258 1.897602
1.272691 1.593038
1.676942 1.957548
-1.105645 -0.521720
1.029241 2.432447
2.060124 0.355365
-1.766059 0.971115
1.971465 -0.022690
-1.685724 0.542101
1.726774 1.583641
-0.594975 0.391134
-1.558536 1.256652
1.534134 1.830490
-0.892322 -0.770530
1.662157 1.484807
-1.774470 1.419572
0.128808 -0.711054
1.122249 2.454283
2.176689 -0.573782
-1.576745 1.834937
1.890189 1.867494
0.385341 2.932813
2.929760 1.121171
-0.106574 0.495590
-1.018670 0.600017
-1.991323 0.117558
1.608582 2.052134
0.343923 2.296570
-2.572338 -0.573344
0.454574 2.515501
1.383519 1.864066
-0.778772 0.086332
2.202074 1.376788
-1.183701 0.635456
-1.023453 0.567223
-1.074367 0.733647
-1.855061 0.723883
-2.670789 2.216096
0.382911 2.646340
-2.495916 2.522888
-0.569402 0.742112
0.271665 2.112415
-1.600284 0.025309
0.971991 1.940759
-0.729585 -0.506045
-1.093355 0.172445
1.087984 -0.000158
1.015039 0.137051
0.993913 2.188439
-2.073387 0.990910
-2.207083 1.995131
1.786638 1.528602
-1.312084 1.036437
-1.413423 0.396710
-1.574691 0.669386
1.394819 1.929628
-2.148785 1.619595
-1.001305 -0.631750
-2.083323 1.992168
2.201160 -0.173824
2.496223 1.262986
1.759638 1.948220
1.570742 1.553326
0.875145 2.498991
-1.030536 0.114637
0.584294 2.343329
1.842646 -0.074528
-1.787174 1.874007
-2.852121 0.317130
2.084111 -0.758351
-0.354338 0.900922
-0.409210 0.432074
1.923848 1.954635
-0.962297 1.178177
0.036741 -0.439071
1.760305 1.643990
2.246296 1.292380
3.047091 1.573614
-2.373566 0.485272
-1.406598 1.516974
-1.334326 0.663904
1.896797 -0.077909
-0.116071 0.404728
0.248357 1.967373
-2.257243 2.088449
-1.744808 1.614888
0.789245 2.181062
-2.554420 2.151694
1.515718 1.695276
0.593574 1.921864
1.709562 1.552143
1.530971 -0.100003
-0.143847 0.504014
-0.741731 0.194396
-1.523435 0.623227
-0.624463 -0.467889
2.661095 1.162129
-0.360288 0.811610
0.791155 -0.077111
0.955528 2.646180
-1.910395 1.244327
1.131362 2.039320
1.289722 1.900402
1.532554 1.506178
0.519648 2.427303
-0.935591 0.503134
2.221651 1.785864
-2.064281 1.817723
0.161157 -0.486743
0.906356 2.007452
0.630304 2.539347
-1.342791 0.856292
0.476670 -0.481725
2.036031 -0.531606
-0.494318 1.304177
0.400576 -0.476808
3.290755 0.068308
1.642359 1.697530
0.804665 -0.541684
-2.787777 1.109666
-1.530181 0.477531
-3.070215 -0.308867
0.877649 -0.541723
1.478087 2.079815
-2.208296 1.506662
-3.738563 1.459769
-2.629175 1.193321
2.443243 -0.443120
-2.588273 -1.360498
-0.833115 0.463331
2.487931 -0.183666
-1.846833 1.267446
2.765520 1.727822
-1.523797 0.940436
1.431385 1.864846
0.709584 1.880874
1.559395 0.181469
-2.120421 0.638425
-0.451052 -0.339766
1.798241 1.479044
-0.438333 0.587814
1.684672 1.646985
-1.439021 1.559384
-1.359158 1.738638
0.732819 -0.016756
1.722285 1.758566
1.576203 -0.473414
1.665334 1.735254
0.052341 0.144916
-2.454882 0.632735
0.236303 2.511165
-1.542779 1.856859
1.542287 1.394021
0.672240 -0.751756
2.215967 1.725634
1.903484 -0.506269
0.124798 2.612434
-2.254352 0.248648
-1.498255 0.770548
1.598148 2.611824
-1.596997 0.796923
-2.116247 0.118037
-1.396469 0.382152
-3.065887 1.161832
-1.992820 1.478452
-2.314314 -0.836571
-3.376073 0.519317
0.362913 -0.136775
-0.992287 0.062358
1.265136 1.993544
0.850754 1.972617
1.877089 1.227958
2.033940 1.571214
-2.406925 0.276782
-2.226583 0.623374
1.958733 1.750903
1.335697 0.011290
-2.383626 2.007653
0.970089 1.827961
1.535199 1.524314
-0.663168 0.303467
2.249000 0.804129
1.507604 2.239425
0.611720 2.267464
-0.467352 1.347447
0.855931 1.744347
-0.830397 0.703693
1.485209 0.220210
-1.978249 -0.502441
2.343172 1.952415
0.422576 -0.796167
1.807042 1.512356
1.793596 1.917520
0.104318 2.201824
0.346706 1.963555
1.634814 1.445559
1.118590 2.127536
-1.369924 0.822871
1.734751 -0.830800
-1.164505 0.669330
-2.081290 0.216751
1.101794 2.216084
-1.207162 0.719393
-0.845732 -0.205574
2.014297 1.742058
-2.762055 0.611560
0.489642 2.617875
0.775271 2.390788
1.257166 1.932996
2.803386 1.765173
0.698127 -0.058990
1.568966 2.139761
1.332872 1.769348
-1.178500 -0.175281
-1.453374 1.430739
-0.424887 -0.427417
-2.401036 0.954743
1.142365 -0.734652
-1.465130 1.608680
-0.093702 0.058537
1.194849 1.937972
-0.927831 1.393287
-2.038004 -0.491960
0.809876 1.895646
-1.671741 1.691196
1.977202 1.175764
-3.360436 0.437672
-1.174307 1.487119
1.297829 1.788370
1.772539 -0.412880
0.723304 1.958492
-1.728886 0.135456
2.143597 1.270745
-2.012803 0.809688
-2.270894 1.747353
1.005454 1.472840
-2.432596 0.270663
-1.180190 0.412149
0.490638 2.293510
3.369311 0.080011
2.136054 1.270704
-1.306219 1.163834
0.935838 2.338798
2.659191 1.202952
1.591693 2.274657
0.392773 2.467184
1.009482 -0.280671
1.610083 1.856590
0.883203 -0.366807
2.008595 1.766924
1.025103 0.404724
0.779302 2.488857
-1.070817 0.447324
1.945016 -0.337307
2.289024 1.409616
2.492522 1.749746
1.466005 -0.563090
1.222017 0.180711
1.177109 -0.409725
0.652861 2.028163
1.650644 1.552450
-1.066583 1.085461
2.313280 -0.141117
-1.366319 1.000614
1.419928 2.479072
2.843466 0.005365
-0.753815 1.398801
-2.806528 0.114782
-2.903171 1.344176
0.990717 1.157941
-1.046533 -0.209977
-2.563224 0.583079
1.470334 1.391142
-2.616965 0.798750
-1.923022 1.814002
-0.068658 -0.024522
0.879830 2.272929
1.141853 1.833295
1.728752 1.656031
1.943196 1.325711
1.855899 2.280453
1.466687 1.828566
1.312699 1.823722
-1.849730 0.564336
-1.229939 -0.635860
1.818747 1.163643
2.058369 1.692250
-0.125235 -0.209937
-1.440752 -0.237408
-0.946481 1.482066
1.177167 1.972331
0.599040 2.267986
-1.012898 0.353561
0.335510 1.992119
0.179063 -0.193461
1.814047 1.983183
0.881689 -0.418077
0.462897 2.696561
0.646254 1.783248
2.908895 -0.025140
-2.689413 -0.366395
-2.609795 1.000054
-1.589485 1.226271
-2.397351 0.828874
-2.362501 1.154561
-1.943739 -1.035131
-1.057499 0.969629
2.280362 1.014416
-1.808745 2.149008
-1.560965 0.563937
0.922490 -0.263811
1.773398 -0.764006
-2.017604 1.189987
3.319462 -0.242646
-0.799488 0.041326
0.315359 2.265656
1.150435 2.214583
-2.009215 0.720996
0.807722 2.071515
0.880221 -0.352738
0.828867 -0.499928
-1.367132 0.926555
0.569576 1.875308
0.266138 1.898593
1.530004 -0.504095
1.447812 1.895162
1.058131 1.467257
1.413525 2.090442
0.980075 0.319805
-1.832537 -0.328291
1.660558 1.539926
0.579540 2.518764
-1.478801 1.721244
-2.312653 -0.549201
1.147848 2.254701
-0.166785 -0.356862
-0.588171 -0.756402
0.114745 0.439804
1.287669 2.116563
0.334713 -0.376888
1.090609 1.947756
-0.265495 0.766809
1.494440 -0.309467
1.876207 1.846379
1.145283 -0.637762
-1.601262 0.852292
2.886574 1.472470
2.531570 1.534540
-1.318684 0.561575
-2.189108 1.723284
0.488173 -0.318250
-1.946780 2.199470
1.614232 2.025179
-0.192029 -0.187368
0.933779 1.946567
1.656329 -0.462410
1.773760 -0.660166
-1.786797 1.716235
2.250221 0.172984
-2.221112 1.446224
-1.122514 1.433859
-1.445333 2.141127
1.782919 1.716229
0.290936 2.417842
-2.534749 0.426922
0.738379 -0.374895
1.008761 0.135024
0.674196 2.738451
1.638591 1.634996
-0.824938 1.274377
-3.564293 1.574214
0.835234 1.806521
1.664064 -0.300148
1.878657 1.879947
1.327703 1.649977
1.017746 1.966724
-1.062882 -0.087469
1.054718 2.488817
-3.265022 -0.393744
0.740710 2.661052
-2.010095 1.855058
2.083732 -0.582147
0.763555 -0.389896
-0.763977 0.424170
0.444664 2.025034
1.941048 1.422338
2.624028 -0.031360
0.091569 -0.006096
1.310287 2.407782
1.147323 1.633438
2.116362 1.588181
1.267369 1.949222
-0.812489 1.012107
-0.764762 2.186395
-2.573423 1.234800
0.934129 1.849400
0.982152 2.106675
1.369166 1.489038
0.869169 -0.575965
-0.207592 -0.552831
0.894765 0.205773
0.118458 2.418235
0.117001 2.481911
2.404239 1.580835
-1.378399 0.956618
0.616527 2.034306
0.448589 -1.032043
0.855119 -0.322853
1.624606 1.578043
-1.268259 -0.116600
0.654811 2.434407
-0.006973 1.870916
1.458049 1.817206
1.831195 1.477484
-0.788574 1.528270
0.274436 0.109481
-0.451055 3.135135
-0.034683 -0.265882
1.212223 1.546544
-0.707752 0.938950
2.647622 -0.374184
1.554927 1.678621
-0.798538 0.016712
1.621209 1.685512
1.439996 2.092771
1.442756 -0.409639
-1.619723 0.707630
0.746054 -0.503468
-1.774817 1.257971
-1.212381 0.768794
1.808187 -0.043875
-0.394663 -0.610745
-0.512113 -0.506583
2.590375 1.587810
-1.863164 -0.361133
-1.049372 0.502621
1.236424 2.101493
-2.241900 -0.135578
1.099668 2.343674
-0.074759 -0.298420
0.237914 2.481575
1.336332 2.299116
-2.257481 0.582690
1.743480 1.430995
2.270936 -0.685534
1.608974 -0.042026
1.737421 -0.732456
0.765829 -0.249847
0.657692 -0.633808
0.524276 -0.584445
-2.151009 1.070348
-1.386032 1.120229
-3.062466 -0.813694
1.025906 1.989127
2.160496 -0.370090
-1.519939 0.971132
0.211460 0.003404
0.874100 1.811045
0.215126 2.347925
-3.085209 0.985493
0.576907 2.313130
1.396128 1.938510
3.172095 0.047603
1.228637 2.302239
2.382550 -0.095552
-1.278399 1.370858
1.339412 1.828828
1.832942 -0.256802
0.163678 -0.514339
1.673038 1.925088
-2.395054 0.283541
0.529953 -0.102076
0.991463 1.375918
-2.140262 1.601631
-2.487256 1.380762
0.526282 -0.012292
1.679316 1.917058
0.694747 2.166649
-2.413913 1.677111
2.294963 -0.482433
1.213298 1.809283
-2.342706 0.017910
1.004788 2.135200
1.040114 -0.719088
1.484411 1.640641
-2.184582 -0.839177
2.157682 -0.242084
1.566871 1.637024
-0.448658 -0.126679
2.033812 -0.307941
1.973113 1.446903
-1.551780 0.454373
-2.141288 0.622173
1.816532 -0.350630
-0.192347 -0.455164
0.445768 2.146099
1.398573 2.413635
1.332793 2.056251
2.093743 1.447097
0.166230 1.970377
-1.716290 0.377163
0.306807 2.560107
1.273906 2.028152
1.359772 1.753234
-1.479766 0.618681
0.540743 1.830424
-1.267297 0.516897
-2.108508 1.214520
1.546763 1.469600
1.313860 1.844628
-1.506052 0.387697
-2.428296 0.553211
0.632036 1.369557
-3.303516 0.335176
2.484531 1.339930
-1.578717 -0.009663
-2.382594 1.561135
-2.631943 0.117088
0.488676 2.175495
1.529918 -0.394739
1.591495 0.786029
-0.543387 0.614637
1.042311 1.673886
-2.783134 0.245448
0.398723 2.454829
3.673900 1.475549
-1.430505 0.194408
1.921656 0.004195
2.437486 1.775145
2.067192 -0.534115
0.923568 1.440786
1.717179 1.328463
0.384774 -0.228982
2.219190 0.754072
0.802357 1.877311
-1.833670 0.384183
-1.971795 1.401276
-0.813513 0.101622
-2.241768 -0.287306
1.526708 1.830494
0.750067 2.196790
1.233052 2.406546
1.592075 1.940372
-1.727822 1.035990
1.433148 1.825762
1.246151 1.555175
-1.518348 0.877341
0.273096 2.204758
-1.037182 1.876889
1.011635 2.225294
1.117592 2.150839
-2.524481 1.113852
-0.377989 -0.689904
1.288523 -0.780839
1.174610 2.033164
1.740798 -0.676500
1.605154 -0.245204
1.324582 0.323658
0.845073 -0.839188
-2.366181 0.737505
-2.187368 2.382951
0.512511 1.924081
1.863361 -0.554105
2.163462 -0.438421
0.785946 2.260455
1.530205 1.751657
0.793118 1.476728
1.484272 -0.662516
1.407889 -0.697141
1.599525 1.449341
1.532695 -0.216467
1.540812 1.513822
1.595388 0.034695
1.544624 -0.513941
-0.992501 0.768054
1.905681 1.260723
1.808539 1.722464
-0.408764 0.344074
-0.408596 0.905931
1.416059 -0.246163
1.384027 -0.126296
0.556336 2.489376
0.881381 -0.368065
1.975390 -0.554872
-1.672622 -0.613699
-1.520177 -0.615578
1.342733 1.308551
-2.503211 2.064396
-1.213727 0.492157
-1.863142 1.313746
2.029906 2.256083
1.203216 1.324809
1.122531 2.174075
1.605987 -0.430400
-2.002216 2.071255
0.630985 -0.209500
0.412161 2.549101
-2.208958 -0.999611
2.648301 0.262994
2.052483 -0.010653
2.277816 1.129053
-2.646329 -0.306416
2.299036 -0.740253
0.892943 0.009192
0.316342 0.166690
0.131838 0.467812
-0.603184 -0.014714
1.628458 2.220060
-2.104616 2.160006
-2.728321 0.241348
2.527820 1.879811
-1.979215 1.360803
0.980324 1.998056
1.805070 1.514796
-1.689765 0.917201
-0.896945 0.051516
-1.845854 1.282210
-1.658358 0.523142
2.952928 -0.674752
1.327196 -0.322393
0.718892 2.169542
1.222650 1.987116
-1.675276 0.154550
0.768911 1.642269
0.131701 -0.066456
1.816508 2.074938
-2.768386 0.185974
-1.353588 0.147778
1.457244 -0.226379
1.806714 0.536975
1.893054 1.709944
1.085801 0.030665
0.405021 1.976617
-2.114878 1.163640
1.915702 -0.309574
1.891697 -0.376056
-2.104811 0.481171
1.051322 1.547831
-0.146007 -0.524921
-0.263143 -0.119455
1.604913 1.611685
-1.421452 1.401291
1.774064 0.110820
-0.858118 1.536391
1.180650 -0.533804
1.634297 -0.004923
-2.270960 1.127745
1.623347 1.796442
1.505769 2.017067
0.586938 2.065671
-0.897351 0.985709
1.448027 2.038247
0.367596 -0.571798
-1.377680 0.756989
1.098095 2.107788
1.834801 -0.201405
-2.479149 0.432283
3.344069 1.514779
0.831778 2.166813
0.618791 -0.141385
1.241998 1.779522
-1.146874 -0.197624
1.533958 1.663721
1.973038 -0.478319
1.587931 1.810419
-2.465090 -0.015311
1.355426 -0.401744
-2.015114 1.151585
-1.396355 -0.033836
-2.317716 -1.022754
1.360386 2.015955
1.239451 2.277511
2.530933 -0.263975
2.789379 -0.287878
2.399086 0.099112
-3.130994 0.418069
0.957645 1.823160
0.099374 -0.334205
-1.687804 -1.065683
-0.790933 0.133408
0.968473 1.941171
1.700537 -0.505831
-0.166886 0.653661
1.864718 -0.058492
-1.861843 -0.222517
0.191672 -0.361796
-2.224221 0.581821
-1.983059 0.965441
-1.254056 2.110986
-2.069612 -0.703952
2.312191 1.193956
-3.115902 0.210644
-0.801056 -0.028069
1.087155 1.899112
0.162123 2.467373
1.084460 1.690283
0.076867 0.195330
0.541399 0.205194
-1.488924 0.655880
-0.186222 1.144201
-1.771098 0.486103
-2.980015 0.126328
-1.054903 0.826682
-1.139413 1.419725
1.602605 1.319863
-0.771322 -1.097204
1.222368 -0.374099
1.844573 1.638748
0.680396 -0.360909
-2.338958 0.385799
1.938200 -0.834790
0.120276 2.266544
-0.276665 -0.148196
1.746611 -0.815110
-0.158709 -0.296065
2.188683 1.715133
-0.966572 0.031359
-0.881194 -0.436492
1.600529 2.328973
1.086923 1.998157
2.555620 1.337274
0.033376 2.390107
0.939194 2.433992
-1.332959 1.038851
0.563565 2.486306
1.549839 1.818916
1.804885 1.788928
-1.881655 0.676399
0.002133 0.724476
-1.396116 1.231527
-1.182401 0.397417
1.491503 2.274336
0.873348 2.179335
-1.147457 -0.353392
2.256248 1.690440
1.689466 -0.169522
1.612669 1.864019
-0.896853 1.009839
1.139361 1.666324
-3.286580 2.056454
-0.959943 1.324478
-1.761889 1.106582
-2.596598 1.226531
1.061092 -0.036262
0.958276 1.701630
1.136947 0.039275
0.012587 2.441804
0.602713 2.253694
2.355527 1.146576
-2.066449 0.197968
-1.270899 -0.080358
1.600842 1.898708
-1.248589 -0.367958
1.663667 1.580963
1.679814 1.752497
0.993677 1.964687
2.534449 -0.296849
-2.400923 1.225901
-1.171794 0.243327
-0.955257 0.435618
1.065588 1.271715
-0.967511 -0.373134
0.826561 1.784875
0.969009 -0.562947
-2.029205 1.315636
0.677383 2.141959
0.724971 -0.420749
1.057521 2.309428
-0.750673 0.777302
2.941743 1.399866
-0.940498 0.727601
0.500528 -0.597962
-1.187625 -0.048310
0.979189 1.841809
0.090084 2.506022
1.237948 1.760091
-1.011025 0.750046
1.613667 2.080360
0.360190 2.754490
-1.433047 2.225116
2.271427 1.649503
-1.673804 1.430866
1.054709 1.953634
0.356683 2.689743
1.732788 -0.359645
-2.283358 1.758797
-1.551743 0.416602
1.442473 1.652240
-0.483804 0.106530
2.629579 0.883480
-1.125972 0.054783
1.160286 -0.179491
1.453168 -0.168082
-1.351966 1.304136
1.487768 1.525344
1.773484 1.772856
-1.611279 1.525779
-2.970422 0.859383
-2.683998 -0.611177
0.174191 2.061582
0.647605 2.248689
1.620071 -0.534784
-0.901748 0.354823
1.571702 2.021195
0.746124 2.413617
-1.309982 0.662042
-1.121524 0.744682
1.663506 1.214372
-1.334377 0.103314
0.963360 1.746244
2.622890 1.456572
2.150788 1.529829
0.783556 1.998992
0.890852 2.522990
-1.194929 0.442268
0.711537 0.078600
2.240021 1.489292
-1.532724 -0.135786
1.587160 2.325357
-0.707236 -0.380376
0.822388 2.085466
1.996951 -0.044785
-0.570648 0.743403
-2.849994 1.160337
-1.185434 0.439316
-2.358265 1.328916
-3.178743 0.916167
1.053449 1.986850
-0.867252 0.419281
2.149927 1.657308
1.005559 1.712601
1.869705 1.983850
0.846126 2.172926
-0.925034 1.528215
-1.082188 0.962076
-2.288834 1.817750
-0.204009 0.116179
1.102708 1.808692
-1.171768 0.901599
-2.530585 1.458389
-2.854313 0.633397
-0.876047 0.234709
-0.361977 -0.135837
1.560702 2.085617
1.179168 -0.481002
1.219695 1.648597
-0.914929 0.257973
2.913250 -0.798008
1.566825 -0.196127
1.455721 -0.187537
-1.901933 0.416459
-2.512607 0.953244
-0.895045 0.996234
0.369097 -0.792426
1.868358 1.857214
2.130043 -0.195034
2.097702 -0.890994
0.789774 2.205326
-0.402042 0.241080
1.185186 2.111003
1.608718 1.784609
-0.416939 1.407429
1.456880 2.158286
-1.290366 0.205307
-2.239754 1.038700
0.641300 2.055821
0.785258 1.721466
2.621630 -0.121493
-0.785663 -0.004661
-1.650906 0.652371
0.964134 2.624842
0.910608 2.512912
1.672334 -0.217606
-0.173046 -1.264337
1.599509 -0.021232
1.166653 2.023418
1.638590 1.973549
1.453557 -0.511611
0.109928 2.082581
0.091090 0.261974
-2.231349 1.260378
0.372409 1.951629
-0.873794 1.158898
-1.445381 0.594856
1.541277 2.120218
1.982674 -0.418038
-2.008859 1.122769
2.462740 1.382933
-1.940516 0.298524
2.539785 -0.110714
0.640542 1.673879
-1.420275 -0.819415
1.124888 1.849215
-0.122555 -0.717230
-0.851703 0.667171
0.574342 -0.835189
-0.182617 -0.677824
0.859168 1.505105
1.124055 1.736133
-1.742674 1.541337
0.485254 1.974235
1.660406 1.670516
1.443348 1.192343
0.864075 1.949026
2.752640 -0.210996
-2.793586 0.272520
-0.525513 -0.716017
-3.266271 1.647689
1.576577 -0.350892
2.023726 1.596400
1.890304 1.570284
1.014667 -0.420998
2.000267 2.075028
1.812705 -0.352716
1.699665 1.175594
-1.737847 0.401065
-0.781848 0.476001
0.352868 -0.299297
1.612050 -0.103683
0.625538 -0.579278
0.744696 2.206464
1.409638 1.558967
2.352351 -0.409678
-1.136916 -0.644847
-2.702117 0.835500
-1.701853 0.379647
2.609804 0.244028
0.449919 2.313913
2.553359 0.121238
-1.661026 1.563241
0.855297 2.322976
-2.469622 1.553372
1.564647 2.007026
-2.427512 1.002847
0.711074 -0.445582
1.668244 -0.616865
-0.839319 -0.272473
-1.440827 1.651823
-2.805016 0.337844
-2.798721 -0.692224
1.497718 1.610482
-0.174621 -0.344036
1.180280 1.625107
-1.657182 2.402566
0.072165 2.330798
-2.120367 0.951505
0.845157 2.024053
1.327391 2.306155
1.248542 -0.112155
-2.338442 1.430708
0.878615 1.876681
-1.010709 0.153364
1.460464 1.908262
0.854387 -0.470209
0.897625 2.018430
3.238025 -0.190134
0.813438 -0.138933
-0.168175 1.747043
1.896368 -0.212860
-1.662443 1.322308
-0.717505 -0.183608
1.720965 -0.265078
-1.671235 2.423453
0.806254 2.005815
-2.234566 0.554198
1.396655 -0.987736
0.505564 -0.271987
-1.025897 0.485854
-0.775105 0.832757
1.330187 2.001506
1.425736 1.949570
2.915620 -0.087177
1.353105 1.670822
1.409051 2.058905
-2.105023 0.193527
1.221677 1.477795
-3.016026 1.030228
-1.714636 0.985430
2.816325 -0.379786
-1.141198 -0.309716
2.010960 1.729423
-1.865313 0.901318
1.936157 1.730591
2.397414 1.797040
-0.775219 1.058307
-1.934359 0.978434
-2.630248 1.581227
0.545069 2.467084
-1.445441 1.912428
2.147099 1.202236
3.326530 -0.701481
-2.672482 0.457531
1.456927 1.577656
2.933416 0.327598
-0.009659 -0.709637
0.104958 2.097183
0.805921 2.217334
0.668355 2.450139
-0.438234 0.847210
-2.273165 3.075116
1.041485 2.428472
1.698568 -0.743896
0.889243 2.500336
1.694358 -0.408421
-1.330135 0.198979
2.021751 -0.250250
0.411330 1.757137
1.440489 0.140496
1.775276 2.446826
1.675259 2.046650
1.140677 2.105214
-1.606273 0.151038
0.624716 1.975883
2.454810 -0.214965
0.908878 1.501515
-2.224623 1.378768
-0.914172 0.402565
-1.723076 0.269811
0.042055 2.186364
1.312378 1.882921
0.262258 -1.395660
-1.951180 1.130309
-1.386247 1.374449
1.842574 -0.197541
1.031216 -0.560942
1.802397 1.804062
-1.609626 0.295466
-2.033184 1.823417
-0.476060 2.582558
0.427657 2.253690
1.282235 -0.545840
-0.115246 1.029132
2.415480 1.332038
0.389376 -0.198700
-0.150412 -0.439155
-2.663706 3.191549
0.380948 2.087799
1.772913 -0.403706
-0.283864 0.581348
1.245715 1.266172
1.420951 2.000426
1.379876 2.281237
0.559257 0.012278
2.289645 1.670869
-2.978953 0.649167
0.897635 1.870249
0.555185 -0.522539
-1.373154 0.191455
-2.383500 0.784772
-2.252949 1.558775
-2.095506 1.617013
0.621040 0.176313
0.041020 2.444729
2.007594 -0.588229
0.210153 -0.280264
0.657975 2.178509
0.458236 2.378924
-2.322812 1.428186
-0.329847 -0.948739
-0.945645 0.814237
0.348020 2.081835
2.134276 1.647201
-1.967251 1.677551
2.028747 -0.101244
-0.991462 0.738502
-1.228749 0.358096
0.789309 1.689495
-0.777139 0.305176
2.321544 1.335874
0.639777 2.597245
1.169676 2.595747
-2.051180 -0.107034
-1.099474 1.707495
-0.474316 0.135966
2.905122 0.835384
0.893930 2.128567
-2.005830 1.261132
-1.565286 2.101408
1.289193 1.872988
-2.102886 1.688592
1.208781 2.365142
1.564268 2.099857
-2.223363 1.618291
-3.187057 1.501972
0.637781 2.505514
1.329101 1.678728
-2.742720 0.857078
2.355657 -0.300626
1.707290 -0.623720
2.317325 -0.278147
0.697863 2.604068
1.367116 2.015966
1.533318 1.203942
-0.950168 1.524137
-2.650447 1.458090
-2.631970 -0.063854
2.305581 -0.799222
1.532403 1.238730
-2.285349 1.811484
1.034388 1.907812
0.224585 2.862038
1.824350 1.701893
1.762778 1.399530
1.515139 2.033847
-0.299288 1.094385
