1.835210
1.152197
0.858598
2.460131
0.871186
1.225758
0.966280
2.106582
1.353149
1.354246
2.462299
1.151102
1.114530
2.551452
1.072913
2.039404
0.874026
0.366252
2.277629
0.613426
2.669657
0.480346
0.161908
3.008399
1.628937
-0.100596
0.955687
0.575603
0.847777
2.296590
0.851944
0.018832
0.821155
1.017426
1.123287
2.149998
0.762743
2.013916
2.136139
0.090782
1.694505
1.672135
1.592042
2.280888
1.168049
1.810315
0.471534
0.468780
1.593038
1.982091
3.273261
3.120234
0.887323
0.627279
0.418108
1.193525
1.299017
0.438843
1.744375
1.560048
0.139961
1.741666
2.585828
1.917456
1.524745
-0.014752
1.473268
-0.660179
0.767910
1.788371
2.885541
1.379831
1.786609
1.942859
2.183695
0.695346
1.897201
2.530966
1.868321
1.442779
1.725105
2.349396
1.171367
1.258128
1.927602
1.125117
3.361254
1.590028
0.743958
1.437811
0.987370
1.337553
2.137495
1.733927
1.417459
0.271988
1.285666
2.562205
0.892080
1.126617
1.782885
1.805801
2.028367
1.528154
0.592080
1.978601
1.494694
1.044307
-0.175454
-0.025633
1.294463
-0.026889
1.137035
1.738055
2.647888
0.816765
2.153682
0.747580
2.124408
0.214449
1.223286
0.925172
1.074809
1.680599
0.565543
0.940253
1.327058
0.356364
1.960055
1.260799
3.627153
1.398614
0.744150
2.103874
1.259857
1.767631
1.158635
3.502820
0.933074
1.325732
0.253168
2.620019
0.762203
0.324212
0.918978
1.739471
2.109682
1.992560
2.232606
1.709079
1.441486
0.758613
0.172970
0.886600
2.035633
1.133397
1.426796
3.400486
2.008830
1.571900
1.664272
1.190414
-0.152109
1.889011
1.188021
1.374601
1.420050
2.954823
1.637926
0.178024
1.645132
2.908648
0.797591
3.588169
1.483842
0.398953
-0.384041
2.069994
3.010997
1.195651
1.414014
0.845684
0.488158
1.724444
3.328189
0.474014
2.248993
1.318177
1.398190
2.735915
0.671819
0.993854
3.768849
2.222075
0.317628
0.956826
1.302682
2.361206
1.507515
0.935527
0.930527
1.539348
1.980185
2.041196
0.772197
2.205882
0.855430
0.889839
-0.927726
0.357553
1.404716
2.778215
1.792358
1.939899
1.759007
0.987092
0.690710
1.639309
2.473410
2.677194
2.655785
2.370326
0.244813
1.025178
0.490947
2.123478
2.252282
0.627797
1.821374
0.188701
2.089264
1.325915
1.204723
2.936718
1.199623
2.437332
0.840024
1.452070
0.739432
1.076852
0.078897
1.396271
-0.501131
-0.044854
3.646051
1.272650
1.647679
0.613524
0.820578
2.101041
0.296223
2.936139
0.398337
2.203095
0.504573
-0.294303
0.417593
1.032216
1.594015
0.350674
2.751011
1.829839
1.609865
0.910346
2.983842
2.048917
-0.024219
1.865740
0.217004
0.023059
1.270088
2.354839
1.197369
2.278049
1.888157
2.404901
2.280453
1.372178
0.127113
3.015822
0.107419
0.810028
-0.043654
2.779820
1.067546
1.354168
1.768517
1.252244
-0.105982
1.682629
2.742726
2.670121
1.556370
2.067419
3.608074
2.003109
3.516639
1.341682
0.410459
2.077315
0.915346
2.970481
2.072883
1.379966
2.464235
1.985106
1.693014
2.691339
2.005456
1.708915
2.121913
0.721857
1.159886
0.845198
1.781263
0.858318
2.412369
1.507249
0.749117
1.007577
-1.107498
0.669281
0.204580
0.480599
1.139302
1.250537
2.747781
0.986136
0.834320
1.399563
0.543984
0.723677
2.138932
0.655638
2.254915
1.852046
0.814428
2.219573
1.364237
2.957719
1.477943
1.721983
3.102631
1.015638
0.770428
-0.059178
0.351503
0.381491
4.391925
0.687562
2.256506
2.774293
0.524358
2.328291
1.195909
0.720981
0.933269
1.940948
1.750458
0.934388
2.470475
2.584412
1.835579
2.799769
1.397006
2.723640
2.282645
1.853331
0.970489
-0.416317
1.330840
2.789464
1.314874
1.923741
0.384801
0.662725
0.662109
1.277248
1.227536
0.900311
1.088449
1.260440
1.359870
1.943959
0.910035
1.515953
3.879857
1.887512
2.330963
1.550807
1.713340
1.706877
1.693195
1.716625
-0.180613
0.416575
1.161859
0.718556
1.988855
1.539997
0.273504
-0.117355
0.828589
1.544752
0.927004
0.210607
1.443744
2.553152
2.133372
2.001930
0.970796
1.499691
1.730990
1.240480
2.886097
1.944231
1.806909
1.288531
1.153613
1.598443
2.750800
1.234164
3.035342
1.544663
0.188849
1.051966
0.650480
0.774178
2.164896
1.271466
2.207896
0.951067
-0.303968
0.228463
0.357535
1.654645
-0.549193
1.845965
2.049145
0.982620
0.603676
2.076558
0.698974
0.087607
1.276232
3.864611
1.081634
2.070626
1.658334
1.930218
1.393768
1.619527
1.943468
1.861550
1.804382
0.712387
0.943654
0.234729
1.107353
1.602539
1.396521
2.628767
1.026328
4.409111
1.035654
0.714032
2.525309
1.829249
-0.090041
1.643430
3.664828
2.449811
0.686562
0.840521
0.968450
0.579077
0.042654
1.235242
1.820622
-0.813341
2.786342
2.097810
1.132958
2.413365
1.446495
1.633921
1.234261
0.726277
2.152666
0.936906
2.053912
2.765643
-0.233066
1.739311
0.603944
1.554446
1.619154
0.234015
-0.595043
1.461187
0.741449
1.112594
0.587968
0.976021
0.818615
0.622987
0.499312
2.018762
1.413981
1.765446
0.760814
1.758212
1.042809
2.680893
1.032325
1.420167
0.434269
1.679216
0.332241
3.134168
1.410581
1.194904
1.222709
0.594994
1.376404
2.865844
1.784783
1.524958
0.028689
1.701275
0.448636
2.036258
1.646735
2.616931
1.516547
0.978591
1.513592
1.294985
1.505032
1.770446
1.618067
1.417040
2.077764
1.918171
0.998145
0.716452
1.783538
1.087874
2.162280
1.570377
1.098376
1.635624
0.424703
1.233733
1.779601
1.086124
0.741912
1.225482
0.408529
0.931729
2.189093
2.124722
1.000158
-0.290285
1.647032
0.756084
-0.032744
1.648840
1.887258
0.332076
1.897027
0.768184
1.702137
1.373252
0.761064
4.595428
1.465633
0.457084
0.897956
3.614387
1.973350
2.178816
0.230729
2.091103
1.691900
2.441211
1.519980
1.747081
0.617088
1.205646
0.110291
1.022534
-0.156704
1.975970
1.896103
1.323404
2.887235
0.316143
2.269081
1.434270
-0.111494
3.637995
2.551248
1.763704
3.076312
3.076816
2.066075
2.032180
1.605270
0.392073
1.861953
0.719875
1.505329
0.714767
2.060909
1.674759
1.890216
0.769534
1.797317
0.452598
3.792248
0.623304
-0.153879
1.253422
2.610903
1.657995
0.043759
0.902596
2.651644
1.233083
0.375484
3.479816
2.770247
0.265773
1.349134
0.779547
0.987491
0.691659
1.973881
1.443270
0.344068
2.198585
2.334793
2.587272
1.925044
0.700156
-0.369247
0.463809
2.903154
0.636155
1.295016
2.140271
0.356452
0.827798
0.312322
0.812532
1.364343
1.065448
1.102753
-0.085331
2.820998
3.771043
1.353367
0.618051
2.062856
1.250482
1.446313
2.121298
0.302739
0.295853
2.722469
1.031564
0.777993
1.109176
0.722941
0.502902
1.434678
1.627583
0.815515
2.714011
0.225111
2.716187
2.249834
0.786455
1.282862
-0.535582
1.937663
1.977486
1.359835
2.312236
1.756746
-0.482109
1.086418
0.371055
1.575633
0.599603
0.216269
2.048832
1.496494
0.492697
1.767726
1.437819
0.388182
1.635509
1.416582
-0.235647
0.742332
2.636790
2.172455
2.654139
-0.473296
2.265252
0.622967
0.672153
2.930585
2.581077
2.152334
2.230734
3.313633
1.258984
2.677682
1.887026
2.601450
1.979799
2.575932
0.775818
2.227614
1.465328
1.888673
2.239912
-0.195526
2.170216
0.598787
1.481708
1.187042
2.643831
0.650924
2.084636
2.582137
2.223630
1.734847
2.417588
3.098906
1.003462
0.543213
1.856761
0.994783
1.681448
0.716265
1.774285
1.281102
1.300119
1.654079
1.674571
2.412251
2.785546
1.666881
0.768235
1.571919
2.968919
3.871731
2.494435
1.032698
0.689401
1.491083
1.524282
1.080066
2.139951
1.962889
1.679653
3.568337
0.091280
1.858824
1.374085
1.512734
2.466320
0.878451
1.222458
0.478350
0.943069
1.002696
2.243615
2.166780
2.497686
1.996966
1.347825
1.845073
0.276010
1.852751
1.916299
1.560076
1.070147
2.212249
0.702900
2.449969
3.155593
0.845902
0.709538
0.770005
2.509753
2.214559
2.137192
1.948930
3.673773
2.787277
0.474540
0.856596
1.784135
1.601898
-0.468483
1.056895
0.604826
0.879222
2.797295
2.331552
0.837142
1.585771
1.439053
-1.156032
1.364117
1.582983
1.634346
1.102624
1.944805
3.712553
2.372647
1.733003
0.176421
1.424666
1.304218
1.554877
1.367827
1.049974
1.424464
2.679540
1.218497
1.600025
1.326367
1.724386
1.129105
-0.996547
0.480467
1.923995
1.740529
1.685267
2.204604
-0.000124
1.596601
2.039115
-0.128048
1.781912
0.998647
0.746036
2.030851
2.394927
1.070822
0.104822
2.188060
2.757237
-0.064262
1.654691
1.109300
1.168190
-0.277083
1.686850
1.362563
1.658636
1.297185
0.799695
1.731578
0.326363
2.280737
0.134191
2.005171
2.515087
1.672106
0.171664
3.307232
0.728440
3.113769
1.202641
2.287530
-0.036715
0.875071
1.881131
1.385769
-0.595212
0.887838
1.758495
1.296416
3.031698
0.328264
2.003459
1.450066
-0.688260
1.309902
1.893544
1.180938
0.862049
1.838119
1.178201
0.206425
-0.861278
1.958724
1.742616
0.616253
0.589624
0.850310
2.080900
2.654008
2.127944
1.726291
0.127556
1.640871
0.829454
1.523241
0.900060
1.115992
0.456869
3.188327
1.078635
0.676630
1.842078
2.145767
1.942544
0.986119
0.195626
1.971461
2.124040
0.993613
0.677013
1.529525
2.028162
1.606671
0.710837
2.879688
1.468025
1.591471
0.669848
2.079599
1.741825
0.114175
2.262908
0.231853
1.541694
2.267880
1.885293
1.040824
2.309666
2.013469
2.724733
1.436023
-0.192547
1.975826
2.297589
2.733956
2.527188
2.477647
2.611948
1.692348
0.630097
1.568691
0.870996
1.685752
0.182231
-0.755743
2.045673
3.273061
1.596004
1.409954
0.677098
0.457770
1.622157
0.724383
1.003485
2.339583
1.731251
0.810867
1.248532
2.626906
0.105025
0.855040
1.861520
2.318279
-0.016414
2.424013
2.362902
2.323318
1.738835
0.641575
1.181122
0.656544
0.110248
0.517384
3.820142
0.222391
0.723919
1.474323
1.735006
3.229533
2.534133
0.219198
1.124451
0.629714
1.074997
0.508493
2.240998
1.609099
2.399051
1.547701
1.257320
0.156957
0.803951
2.091676
1.325241
2.251753
-0.337898
-0.146340
-0.051533
2.752086
1.166821
1.586106
2.029479
2.064243
1.729907
2.607606
1.313384
1.014543
1.306010
1.512166
2.074355
1.153400
1.098714
3.752964
1.619135
2.973441
2.000290
0.533209
2.118526
0.363290
0.715422
1.701770
1.954786
1.710097
1.447121
0.572873
1.382135
1.199554
1.777250
1.991040
2.390326
1.553116
1.799304
1.302179
2.349272
1.761266
2.445020
1.695974
0.635854
1.422923
2.039840
1.212537
2.533128
0.866089
0.230037
0.170509
3.089625
1.555554
1.774779
2.370766
0.744145
2.352230
2.526240
1.233241
2.885772
2.274350
1.478208
2.377800
2.279888
1.940727
0.895560
1.460697
1.876909
1.072336
2.193822
0.367304
1.231203
-0.175421
1.034928
0.907171
1.600542
2.997675
1.659829
1.814225
2.209064
2.673471
2.405630
1.312945
1.962849
1.477483
2.320507
-0.328223
1.942948
0.295091
1.175795
1.471044
2.278278
0.092107
1.047151
1.736622
1.844365
1.222412
1.811165
1.435861
1.303751
0.936631
1.317666
1.689685
0.752146
1.607663
1.237207
0.581470
1.435268
-1.331864
1.004339
0.566505
0.155075
1.317500
0.960886
1.948322
2.576484
1.086334
3.207144
1.222661
0.414893
1.258300
1.659699
0.779408
2.394623
1.885096
1.656174
1.102448
0.322363
1.057173
2.338902
0.791952
0.544710
2.597117
1.653052
0.490850
1.882665
1.227610
-0.594645
2.454237
0.769868
0.565517
0.986235
1.916854
0.828754
1.015553
-0.002445
1.236338
1.256816
2.506785
0.933684
1.599307
2.750301
0.190809
1.732016
1.857942
0.644978
2.647059
1.342164
0.889448
1.189310
0.747667
1.306198
1.587197
1.797231
-0.182383
0.301216
1.481334
1.694469
1.146331
0.232860
1.397527
2.414532
2.345599
-0.095425
-0.794695
4.122640
2.761530
1.758173
1.320724
1.211605
-0.553159
0.811069
1.308810
0.857365
1.192232
2.018121
1.804314
2.376389
1.317540
0.740717
2.691890
1.405350
1.355653
2.178607
-0.815511
0.173680
1.246998
2.336503
0.858595
3.179517
-1.172137
0.750556
0.799435
0.343855
2.458329
1.957981
1.808704
0.323644
1.091138
1.492523
0.938468
0.977867
1.506039
0.292816
2.608814
1.076410
3.255739
0.279758
-0.572832
2.166873
3.895733
-0.772406
1.765270
2.501427
0.716066
1.243694
0.485377
2.272778
2.458379
2.539746
1.665838
0.304625
1.899156
0.298446
1.276817
1.559166
0.454275
-0.077142
2.345516
1.161076
0.613332
2.110199
0.740303
0.675319
1.292280
2.290279
0.432942
1.604534
0.224227
2.003229
2.000897
1.302036
2.527654
1.778694
0.670484
3.456030
0.388613
0.052697
1.613641
0.067671
2.115569
1.329767
-0.125941
0.558408
2.025893
1.168541
0.770100
0.044332
1.822684
1.961025
2.374003
0.751660
0.474782
2.757938
1.075132
1.948520
-0.217662
1.681546
0.262529
2.636388
0.283106
2.507947
1.234391
1.604195
3.488773
1.419008
0.770583
-0.155443
0.495351
1.379053
1.639503
0.910772
2.252918
0.839674
1.452836
2.054835
0.931209
1.619538
1.836082
1.198949
0.823019
1.459837
1.782666
2.884488
1.058181
0.311974
1.978091
1.743071
0.566544
1.957742
3.346590
2.474880
1.784223
1.449618
0.443541
1.711683
2.435497
1.669136
0.517702
2.661440
2.279841
1.069251
1.445238
2.730243
0.774789
1.834912
1.305837
0.293999
0.635064
-0.316966
0.953048
0.808520
1.607182
0.940842
1.449574
-0.393648
0.463952
1.423514
2.333078
1.860375
0.010537
1.798662
1.449286
1.247985
2.163763
2.578491
1.683346
0.853941
0.224745
2.698423
0.704357
1.678230
1.710801
1.917714
1.747529
2.096284
2.771038
2.148735
0.758387
2.185314
1.493943
2.346556
2.134298
0.991466
0.839412
2.536724
2.166101
3.257125
2.216858
0.667873
1.434259
-0.467774
1.579661
0.759289
1.129737
1.846838
0.473496
1.148538
0.837749
1.416169
2.801314
0.859433
1.345921
0.698142
-0.187577
2.924302
1.387532
1.006616
0.556894
-1.486534
-0.301959
0.787308
0.550696
1.363370
0.410554
1.976146
1.203486
0.282991
1.353290
2.633310
0.776743
1.521373
1.623318
1.655623
-0.175526
1.008025
1.844947
2.858042
1.240120
-0.417072
2.531688
0.208199
1.550588
-0.360891
0.835367
0.872009
1.105263
2.326378
0.328015
2.729718
2.615291
2.299400
1.907569
-1.233808
0.045304
1.186036
0.183721
0.693908
2.866381
1.827642
2.150212
1.718489
1.185195
1.805529
0.094115
1.778151
2.344640
0.101188
1.419049
2.260592
2.841953
1.725548
0.310846
2.486582
1.167358
1.176634
1.204225
0.470377
3.694322
0.810725
1.644981
0.606127
0.814336
1.475662
0.937963
3.291253
1.703611
2.220894
1.375783
2.104015
1.179045
-0.218592
2.172921
1.715879
2.652973
0.697716
1.982467
2.901674
2.308416
0.424261
2.782760
2.237219
1.107111
2.010853
0.300630
1.495161
1.216900
3.749480
2.700084
1.435719
1.296980
2.273691
0.841895
1.309269
1.654644
1.467215
2.075342
-0.720297
2.721600
-0.208952
1.325044
0.724663
1.366803
1.927169
3.032996
2.012081
1.711439
1.863919
0.088948
2.783787
1.304929
2.545300
1.830844
0.741700
1.759406
3.327759
-0.250529
1.546448
1.170298
1.882760
0.997989
2.499015
2.099161
2.768719
2.634489
1.242204
0.048441
3.859662
2.435053
0.813604
0.350538
-0.361628
2.440517
1.484865
2.184200
-0.125524
2.281765
2.026832
1.736680
1.682886
0.776245
0.736337
0.723311
1.111773
0.780474
2.498200
0.671685
-0.190560
2.497597
3.248802
0.680283
1.371541
1.171085
1.553516
-0.472038
1.485793
1.527852
1.942809
-0.414878
0.671703
1.911398
1.019263
1.392642
0.851525
2.005340
2.703750
2.108314
1.111021
0.658622
1.669383
1.682149
0.537161
0.322065
-0.234251
2.160865
2.228652
0.056949
1.153202
1.486884
1.844608
1.227681
0.427931
2.301202
1.257144
2.397006
1.097711
1.634289
1.068197
-0.647980
0.404770
3.204543
0.883967
2.471551
1.758271
1.344814
1.694699
1.679369
1.648376
1.389209
1.351794
0.231757
1.992574
2.688291
1.799170
-0.296311
0.892942
1.319004
2.572886
1.832193
2.404644
2.261703
1.954504
1.795643
0.796276
0.413931
1.337122
2.397349
1.004831
2.301516
1.273871
3.107494
-0.533513
0.897273
2.996604
0.756343
1.767518
0.562016
1.803318
2.890582
0.746169
1.463674
2.315878
1.707105
0.651353
2.698734
3.064644
3.024523
1.176337
2.186512
-0.622379
1.290579
2.688733
1.374222
1.805636
2.158939
1.138666
0.835873
1.028832
1.014135
2.331957
0.521727
1.565230
1.423718
0.061497
3.639749
1.891261
1.768923
2.015374
1.435721
1.220606
3.140933
2.302949
3.083317
0.921565
1.814973
0.581176
0.805605
1.939966
1.331839
1.775081
0.810322
2.366634
1.021122
1.358856
2.398828
3.254856
3.004349
2.859861
2.436569
2.069760
0.632866
2.776567
1.381127
2.964248
1.792043
1.346064
1.453064
2.125174
3.633219
0.540984
1.878196
1.474885
1.027226
0.599742
2.092782
1.042187
1.566649
1.128393
2.531702
0.847575
0.394722
0.203882
1.521862
1.399188
1.166738
1.307494
0.334341
2.160428
1.427026
4.169547
1.838039
1.581544
0.567899
1.588660
2.139387
1.079187
-0.404903
1.910448
1.046328
-0.370523
1.199275
1.212128
2.372418
0.760488
1.963726
1.606532
1.352851
0.835512
1.231131
1.507048
1.548228
2.416771
2.268777
1.651420
0.941926
0.864447
0.494908
0.398034
1.548621
1.670648
1.671081
-0.027793
1.452595
1.178792
0.125965
2.093972
1.533172
0.962808
2.823627
0.415585
2.479655
0.822478
1.659818
1.880204
0.329377
0.644101
1.601228
1.141224
0.822662
-0.058136
2.336728
1.505980
1.135175
1.467662
2.132732
0.194038
2.055372
-0.393568
0.402180
2.390511
0.574079
1.134480
1.041903
1.913856
2.222355
2.013008
1.815649
2.141686
0.434089
0.262722
0.919337
1.391690
1.434019
2.855744
-1.056032
0.929353
1.722512
1.708812
1.525347
1.551205
2.853024
1.086140
1.257175
0.044959
1.778434
1.765079
1.827602
-0.107477
0.459446
1.796451
0.318759
1.731912
1.434839
0.938509
0.600671
1.032232
-0.423710
1.951741
2.420969
0.237391
1.055751
2.719807
-0.077471
0.946966
2.245043
0.567488
1.512555
2.902442
1.606224
0.178376
-0.193654
1.052944
-1.935723
2.391494
2.101589
1.371860
1.491937
2.088224
0.623682
3.764353
1.093058
0.047530
0.817665
2.669931
0.996390
2.137248
1.408615
2.307276
0.821773
2.269502
0.171600
1.342895
0.898784
1.358751
2.844001
-0.124586
3.445718
1.505415
0.685404
0.852191
0.635215
1.189465
3.287827
1.505615
0.501557
0.858852
2.403191
0.944287
1.117721
1.887624
1.696553
2.288300
0.914428
2.094735
1.322101
1.107601
1.568802
1.704902
-0.093102
0.877354
1.128591
0.865676
1.506344
1.935621
-0.368279
1.054160
1.851718
2.486281
1.845402
1.908948
1.687565
2.633508
2.211074
1.493710
2.301004
0.127351
1.522086
0.969801
0.135352
1.606430
1.568583
1.539822
1.802546
2.207494
-0.313499
1.658103
0.989314
1.166917
1.078540
1.849704
2.357435
1.526933
1.436456
0.376098
1.830468
0.399313
1.430274
0.839641
1.775917
-0.320906
3.087284
2.143703
0.290990
2.228111
0.355199
0.179307
1.947250
0.264542
1.345203
2.733778
2.553030
2.385434
1.810664
1.301056
2.349114
1.340080
-0.472952
1.140264
1.378098
0.084936
0.590898
3.117349
2.205857
1.895158
1.895415
1.457222
2.396924
0.863126
2.138144
2.584899
1.895641
0.048039
2.275625
2.030931
0.693765
3.034317
1.654609
1.923860
0.310459
0.738275
0.626852
0.990343
1.599767
0.628873
1.938763
0.588611
0.748406
2.199109
2.417517
2.248269
1.251705
1.771129
0.911305
1.039778
1.342322
2.463491
0.790408
3.312637
1.025195
1.118696
-0.211493
1.460899
0.909633
1.977429
2.576318
3.380995
1.643995
2.258929
2.216744
1.455328
0.750673
0.022675
-0.217644
1.759005
2.411054
0.595312
2.189602
2.025000
2.523009
0.981135
0.203454
1.986725
0.964243
1.078258
3.043358
2.509781
0.454819
1.369729
1.282896
0.614247
1.613863
1.044060
1.048791
1.358000
2.686517
2.217286
3.164073
1.726177
1.236775
1.412065
0.870970
0.764891
1.410155
2.405421
1.494837
