2.164454 -0.256435
0.239719 -0.314539
1.911839 0.104188
1.424370 -0.024216
1.424137 0.135773
3.145665 0.108932
1.265442 -0.141436
2.086702 -0.276826
1.376792 0.234724
1.794536 -0.120001
1.309169 -0.326628
3.402409 -0.213610
0.906517 -0.130855
1.773209 -0.452638
2.414212 0.166815
2.787364 0.025175
1.410895 0.008142
1.410862 -0.475206
1.137742 -0.494100
1.448956 -0.342097
2.687167 -0.137076
1.058095 -0.586407
0.370197 -0.576285
2.048295 -0.399198
0.707613 -0.268325
0.168318 -0.699133
2.036245 -0.181630
1.405590 -0.404677
2.200689 -0.121355
2.427336 0.328238
1.791121 -0.587277
0.890506 -0.598781
1.034860 -0.460983
0.498964 -0.865507
2.374035 0.127548
1.054759 -0.779816
2.640471 0.129003
1.888808 0.168756
3.240621 -0.181712
2.059730 -0.339412
1.502238 -0.140971
1.204177 -0.064162
1.311867 0.112433
1.353791 -0.356674
0.523683 -0.496480
0.399340 -0.638102
1.188487 -0.189555
2.663932 0.431155
1.621605 -0.274423
0.713124 -0.380644
2.452292 0.161057
1.249359 -0.497277
1.067463 -0.834384
0.075147 -0.474704
2.697083 -0.140849
3.006650 -0.145132
1.656007 -0.069262
1.746959 -0.400072
2.096875 -0.149163
1.165282 -0.460502
0.883391 -0.568540
0.786377 -0.439281
0.780952 0.145563
1.934039 0.095504
-0.642362 -0.821314
2.180325 -0.036250
-0.107779 -0.137614
1.078006 -0.592397
2.446598 -0.141434
1.540658 -0.616440
-0.333653 -0.650293
3.079374 -0.303659
2.291616 -0.022489
3.267191 0.039724
1.274126 -0.102480
0.913302 -0.462304
0.782909 -0.769497
1.789167 -0.575431
1.466647 -0.218289
1.515660 -0.510922
2.161715 -0.276824
0.868639 -0.695615
1.098448 -0.189852
3.262069 0.191517
1.275086 -0.080673
2.045833 -0.256968
-0.217046 -0.538001
0.844891 -0.730963
2.248481 -0.001582
-0.637850 -1.027748
2.278955 0.175677
2.592798 0.249647
1.493125 -0.416898
0.223406 -0.381928
2.201545 0.038032
0.567948 -0.907071
-0.426205 -0.880683
0.643739 -0.459065
1.747217 0.158365
-0.147426 -0.632917
3.399306 -0.149263
1.206531 -0.486924
1.161365 -0.283335
1.296763 -0.382799
2.723528 -0.127267
0.870573 -0.363440
-0.469540 -0.879072
0.040394 -0.305116
2.035808 -0.174639
1.995992 -0.080098
1.436362 -0.526342
1.079787 -0.528471
1.755868 -0.259527
3.332154 0.448936
1.478698 -0.167460
1.413831 -0.175978
1.481642 -0.430652
0.262589 -0.415075
0.910640 -0.502872
2.011046 -0.045019
1.282469 -0.371756
0.573551 -0.600526
0.390748 -0.407794
1.405023 -0.193474
0.040006 -0.446176
0.748804 -0.640866
2.069685 -0.045035
1.088287 -0.587550
0.996347 -0.336202
1.137919 -0.849758
0.258096 -0.437739
0.691571 -0.305480
1.941641 0.079700
0.423045 -0.406234
0.318249 -0.332388
3.014609 0.326383
2.325355 0.335770
1.368859 -0.331189
3.523826 -0.052594
1.575439 -0.446456
1.572107 0.161678
2.188111 -0.365536
0.328165 0.033165
0.986956 -0.404984
0.492851 -0.050550
2.123079 -0.536080
0.500511 -0.370774
0.444911 -0.357519
1.868574 -0.100990
2.520014 0.052907
0.831912 -0.476614
2.110104 -0.329356
1.751156 -0.544379
1.399798 0.004272
1.553842 -0.174464
2.087566 0.119306
2.925400 -0.185057
2.762129 -0.064188
1.372148 -0.555804
2.156222 -0.022017
1.114375 -0.713051
1.409773 -0.169666
1.488394 -0.603971
1.239558 -0.092207
0.617945 -0.005858
1.443775 -0.629712
-0.355499 -0.797333
0.406146 -0.277745
1.563075 -0.563392
1.597762 -0.278102
0.772966 -0.826385
0.551851 -0.597649
-0.030377 -0.458856
1.872469 -0.346421
1.943536 0.025953
0.646821 -0.948420
1.920902 -0.178783
2.826023 -0.342290
0.528963 -0.456832
0.873894 -0.151197
0.823663 -0.210796
0.976692 0.259265
0.288656 -0.674869
1.205873 -0.190528
1.648520 -0.016432
1.046391 -0.192232
1.260164 0.182147
1.869981 -0.145974
1.647346 -0.310632
1.312923 -0.599101
0.489550 -0.512266
0.566242 -1.104576
0.404437 -0.219276
0.224854 -0.598372
0.422589 -0.534216
0.944464 -0.561878
1.043603 -0.296793
0.830636 0.005131
-0.056334 -0.644584
1.196735 -0.236452
2.904556 0.325004
3.516428 -0.045608
-0.168290 -0.486279
0.265050 -0.517930
-0.146164 -0.539209
0.334905 -0.699983
0.809024 -0.754631
1.178623 -0.404889
2.011886 -0.412741
-0.016127 -0.639345
1.819788 -0.249806
0.551441 -0.555073
0.144973 -0.261746
2.039169 0.238732
-0.001822 -0.354385
0.457064 -0.276531
-0.216922 -0.336048
1.400299 -0.379349
1.293616 -0.078756
2.341552 -0.189967
4.167758 0.475300
2.048283 -0.239096
1.060172 -0.343194
2.438713 0.229800
0.364381 -0.486169
1.322272 -0.318439
3.059445 0.009035
0.626480 -0.777834
0.380130 -0.492838
-0.690697 -0.971082
2.467159 -0.096937
1.158906 -0.115994
1.951645 0.004772
1.661687 -0.075017
1.338608 -0.185217
1.544291 -0.172036
0.865628 -0.534638
0.861438 -0.533615
-0.177821 -0.442835
2.097404 -0.143838
0.650344 -0.256583
0.541216 -0.313530
0.299133 -0.785949
1.263053 -0.119351
-1.490023 -1.199813
1.843699 -0.437636
1.878251 -0.326355
1.766223 -0.239483
2.336959 -0.425926
0.612413 -0.532966
-0.341841 -0.744361
2.539781 0.266079
1.278454 -0.760725
-0.746528 -0.884557
0.142055 -0.390414
0.874684 -0.441522
0.253833 -0.332028
1.037307 -0.187074
1.469172 -0.445451
-0.077034 -0.826390
1.582592 -0.160617
0.972378 -0.553261
2.083457 -0.154480
1.741567 -0.483570
0.391378 -0.337009
0.800523 -1.495649
0.556156 -0.826469
1.006253 -0.559342
2.071902 -0.048109
0.746517 -0.152661
1.805280 -0.293633
2.620890 -0.244883
1.645531 0.031536
1.368566 -0.058519
1.570278 0.059961
2.509614 0.029153
2.244064 0.115252
2.577289 0.090819
1.976649 -0.246651
0.860094 -0.114773
-0.415887 -0.364590
1.517927 0.281841
1.980897 -0.275320
0.882924 -0.528016
0.990589 -0.516868
2.232708 -0.127006
2.214906 -0.049592
1.586274 -0.551756
1.242353 -0.400695
0.897112 -0.235759
2.413774 -0.010593
1.291578 -0.023657
1.644632 -0.495331
3.003722 -0.070531
2.993769 -0.170169
2.159369 -0.047842
-0.649764 -0.884054
0.121476 -0.922366
1.024456 -0.697363
1.752143 0.141280
1.234264 0.290382
1.602286 -0.501493
0.449018 -0.853038
2.636770 0.008876
-0.574084 -1.017670
1.135867 -0.116978
0.123801 -0.630567
0.486867 -0.183108
2.005684 0.370235
0.803286 -0.060191
2.410144 -0.391672
1.903358 -0.597492
-0.490990 -0.886997
1.967614 -0.155800
0.039272 -0.404988
2.213659 -0.298039
1.234466 -0.239703
1.242543 -0.445504
2.548446 0.092126
1.554889 -0.316422
1.868286 -0.061348
1.345856 0.283039
1.034277 -0.514686
1.871090 0.169497
1.366015 -0.631214
1.771336 -0.211575
2.468882 -0.085366
0.586766 -0.427506
2.109417 -0.015956
1.598609 -0.219063
1.550199 -0.253992
2.755006 -0.088377
2.709450 -0.344222
0.902286 -0.645539
2.060107 0.023916
0.602253 -0.678874
1.926872 0.075859
1.061977 -0.234208
1.588293 -0.467735
2.638178 -0.252963
1.503038 -0.368234
0.958892 -0.362321
-0.068018 -0.932924
-0.437166 -0.837678
1.116445 -0.190468
1.815640 -0.221478
0.936808 -0.591765
1.398070 -0.001126
0.213533 -0.396469
1.838611 -0.226980
1.826166 -0.171488
0.081150 -0.478171
1.790622 -0.509140
-0.097546 -0.546090
1.310345 -0.221321
1.076224 -0.319628
1.639470 -0.281890
0.070568 -0.968902
0.897656 -0.571375
0.298328 -1.066487
0.490560 -0.361166
2.349774 -0.050671
0.834676 -0.418985
0.190309 -0.532873
0.398925 -0.474838
-0.052318 -0.676418
1.425471 -0.128308
1.715403 -0.292247
2.337051 -0.377107
1.476716 -0.139321
1.802343 0.139191
1.550812 0.018042
1.674670 -0.080358
1.391476 -0.246068
1.897987 -0.729760
1.784810 0.038527
0.688565 -0.311362
1.392967 -0.265187
0.490445 -0.532471
-1.451851 -1.130143
1.228787 -0.390678
1.682785 -0.250408
1.220124 -0.738463
1.157710 -0.391005
1.554618 0.144938
1.839509 -0.144765
0.797050 -0.176282
2.361511 0.075672
2.742059 0.071321
1.304025 -0.306386
2.466958 -0.409851
1.500497 0.140129
1.042735 -0.657503
1.010753 -0.379352
1.891787 -0.554874
0.832851 -0.555410
1.222566 -0.450666
0.968350 0.120080
1.015431 0.050287
0.046184 -0.772535
2.367754 -0.258126
0.323294 -0.877039
1.328736 -0.447257
3.773551 -0.017035
0.381975 -0.766298
2.380596 0.325622
0.429706 -0.532562
2.540276 0.091146
1.038210 -0.519094
2.388377 -0.360745
1.680233 -0.013897
2.204995 0.015114
1.674333 -0.216996
1.701306 0.135444
1.740132 -0.287500
1.785379 0.087760
3.310371 -0.321593
1.528365 -0.080747
1.988631 -0.288337
2.293530 0.064822
0.466346 -0.970721
2.105090 -0.360156
1.626200 -0.358581
0.373083 -0.612024
0.220549 -0.832714
1.158150 -0.598873
2.516462 -0.152585
3.412889 0.108237
1.976863 -0.001084
-1.051909 -0.822210
1.618456 -0.421055
1.353156 0.337052
2.040432 -0.193262
-0.773449 -0.804815
2.977581 -0.566064
0.232166 -0.352368
1.214682 -0.521156
0.060463 -0.034629
2.940014 -0.049261
1.702789 -0.309914
2.720795 0.075399
1.344217 0.022120
0.702423 -0.421865
3.212321 -0.142496
0.076763 -0.181443
3.058554 0.367838
0.219414 -0.758642
2.187362 -0.246129
0.516513 -0.383079
1.980112 -0.218193
0.238637 -0.354419
0.634873 -0.331843
1.133700 -0.568211
2.602982 -0.261348
0.765323 -0.454806
0.917324 -0.397556
1.903142 -0.231763
1.555230 -0.095317
0.059521 -0.534913
1.615636 -0.570703
0.993441 -0.322237
1.716299 -0.245581
1.410992 -0.192100
2.065757 -0.005300
1.189788 0.064949
0.281683 -0.421872
0.891050 -0.667721
1.410177 -0.414967
0.638034 -0.381735
0.274271 -0.465369
1.488514 -0.192479
2.941992 0.049164
0.794143 -0.060726
0.280796 -0.738021
0.296783 -0.276455
-0.180294 -0.602072
0.541378 -0.456656
1.969049 0.011440
0.515843 -0.437099
1.333482 -0.689463
0.428874 -0.764749
2.033511 -0.267216
0.333937 -0.580497
1.995974 -0.055298
0.747344 -0.784756
-0.115666 -0.512184
1.651166 -0.344058
1.043819 -0.291241
1.037158 -0.006248
1.770205 -0.108530
0.819247 -0.227296
1.646822 -0.203855
1.881355 -0.646049
2.041934 0.264208
0.649833 -0.481691
0.982541 -0.949828
2.254228 -0.392061
1.924289 -0.059641
0.914620 -0.438446
2.964196 -0.038573
2.211585 0.037060
1.749461 -0.351602
0.974563 -0.634832
1.394077 -0.377111
0.488917 -0.553543
1.172775 -0.559252
1.476846 -0.198309
0.619196 -0.293725
0.118999 -0.827244
2.140423 -0.309388
1.822400 -0.707381
2.764533 0.097866
1.159230 -0.359259
1.630336 -0.471699
1.267904 -0.254653
1.834325 -0.034057
2.082096 -0.389533
1.294825 -0.352774
0.754903 -0.370284
1.725490 -0.382166
1.055747 -0.220158
-0.445069 -0.632553
1.630580 -0.315415
0.155321 -0.354579
0.664718 -0.599275
1.374578 -0.243119
2.281980 -0.355356
0.255440 -0.359561
-0.138808 -0.550300
1.901640 -0.058928
3.579551 0.202363
1.175159 -0.741066
2.919971 0.168547
2.097279 -0.134120
0.514201 -0.377739
0.172076 -0.704666
1.394728 -0.385374
1.023138 0.162004
1.008037 -0.405563
0.139207 -0.806512
1.745915 -0.074501
2.017350 -0.032988
0.622120 -0.702099
1.963259 -0.325949
0.362580 -0.411569
2.125669 -0.003322
1.866707 -0.095790
1.399196 -0.199938
0.349367 -0.420854
0.737820 -0.343868
1.599827 -0.047113
2.415066 -0.072977
1.307030 -0.344070
1.132043 -0.267164
-0.260074 -0.639056
1.098431 0.004165
2.515324 -0.249648
0.266570 -0.644799
1.449002 -0.087473
1.883065 0.018900
1.846180 0.492860
1.689653 -0.043391
0.979266 -0.418536
2.277250 0.154215
-0.394047 -0.308322
1.183056 -0.534374
0.724097 -0.353606
2.481728 -0.014431
1.739064 -0.181643
0.790704 -0.713677
1.638529 -0.249439
2.694689 -0.202323
0.734897 -0.804637
1.096805 -0.556216
0.879259 -0.549105
2.267327 -0.143387
0.642813 -0.868616
1.030331 -0.287964
1.290505 -0.074418
1.506111 -0.148833
0.816175 -0.288408
2.546513 0.064645
0.574400 -0.213924
2.131235 -0.420202
1.901977 -0.269342
0.568539 -0.732117
1.158074 -0.158371
3.111561 -0.231313
2.128540 -0.288009
1.497758 -0.396353
1.828249 -0.483275
0.300336 -0.323995
1.447427 -0.276654
0.112623 -0.459288
2.132711 -0.374627
1.829295 -0.471963
2.141813 0.238613
-0.318591 -0.497170
2.320841 0.071902
0.701553 -0.443375
0.768902 -0.409374
-0.116015 -0.512111
0.104082 -0.875839
1.463054 0.035817
3.165212 0.437934
1.346402 -0.099500
1.589218 0.185295
3.292126 -0.018136
2.193489 -0.087878
0.912234 -0.625110
3.709761 0.176857
1.186171 -0.585585
1.448135 -0.404323
1.933796 -0.275889
1.257258 -0.618155
0.769894 -0.389322
2.047540 -0.225353
0.333275 -0.336611
1.344664 -0.290894
3.212574 0.181563
0.213732 -0.382070
1.885236 -0.220286
0.907539 -0.100481
0.388235 -0.820135
0.875602 -0.283523
0.308782 -0.658440
0.689377 -0.324949
0.679019 -0.646391
0.323754 -0.215993
1.911600 -0.229874
2.044467 -0.260450
2.986289 -0.365488
2.486151 -0.060324
1.203010 -0.202607
1.972957 -0.471026
1.086096 -0.264787
1.451593 -0.464215
-0.178335 -0.765377
1.375022 -0.244401
0.688507 -0.187129
1.130501 -0.377001
1.781439 -0.266284
0.081572 -0.716187
-0.211505 -0.882705
2.389493 -0.094362
1.277051 -0.088763
1.786929 0.237669
1.965614 -0.244319
-0.594576 -0.923829
1.818169 0.102490
0.170269 -0.285510
1.481926 -0.184698
2.417261 -0.250606
0.616053 -0.524938
1.277480 -0.243680
0.853817 -0.860947
0.861558 -0.096410
1.227840 -0.291004
1.386258 -0.640880
0.459478 -0.421820
1.398989 -0.334915
1.963539 -0.215471
1.737535 -0.261240
0.894011 -0.374535
2.243366 -0.213358
2.278709 -0.533843
0.597084 -0.416453
0.349140 -0.319080
1.490701 -0.058548
2.736292 -0.427864
0.423633 -0.104435
0.225657 -0.735581
2.307777 0.155652
1.944689 -0.059189
0.118788 -0.408859
2.260514 -0.260264
1.724648 -0.159937
2.842828 -0.065160
-0.110929 -0.741532
2.067395 -0.230792
1.630054 -0.323673
3.273503 0.104949
1.406857 -0.668238
1.300871 -0.269502
2.243832 -0.110308
-0.618863 -0.845184
1.282604 -0.288069
1.406942 -0.483172
3.016088 0.157736
-0.084180 -0.981070
1.892967 -0.343035
0.982727 -0.503695
2.771992 0.318301
1.935981 0.107165
3.132267 -0.083019
0.761569 0.039600
0.670307 -0.548122
0.019948 -0.817173
1.190867 0.083117
-0.706671 -0.429334
1.538761 -0.802187
1.452768 -0.191270
1.450935 -0.276111
0.981049 -0.427832
1.276884 -0.095792
0.523890 -0.213380
0.340470 -0.277199
1.220777 -0.311869
0.051061 -0.789201
0.098916 -0.361299
1.376423 -0.483187
0.457211 -0.425510
0.659688 -0.307771
-0.342013 -0.238314
1.688797 0.053952
1.493720 -0.160745
3.477317 0.078474
-0.394483 -0.726486
1.751027 -0.958905
1.203036 -0.031290
2.101489 0.034243
0.313211 -0.467258
0.762257 -0.680273
1.705856 0.053535
2.221850 -0.579125
1.312390 -0.615040
2.261365 -0.211738
2.006030 -0.054264
1.031626 -0.550862
2.600988 -0.115842
-0.245585 -0.525505
0.570671 -0.325144
3.283309 0.490786
2.002166 -0.291269
1.635586 -0.481414
1.600943 -0.392552
1.274001 -0.648389
1.704066 -0.492658
0.760428 -0.564456
2.614359 0.087701
1.815430 -0.129416
0.347486 -0.361220
0.603863 -0.473524
1.323091 -0.023621
0.667264 -0.460747
1.794160 0.087729
0.833424 -0.371054
0.928404 0.095323
2.696071 -0.536263
1.457103 -0.150139
0.545533 -0.875246
1.353463 -0.178506
1.239120 -0.383044
0.783241 -0.627854
2.027048 0.120798
1.460440 -0.312436
0.676174 -0.595913
1.119482 -0.379362
2.203504 -0.122554
2.154020 0.069166
1.438842 -0.015886
0.432070 -0.300609
1.732158 -0.178353
1.127224 -0.379599
2.200727 -0.001606
1.551623 -0.260339
-0.388989 -1.072894
1.456780 -0.317071
2.879740 -0.116834
1.164225 -0.631893
1.160326 -0.265565
1.514899 -0.450787
1.288590 -0.612059
1.026660 -0.295508
1.816075 -0.083159
2.303298 -0.437875
1.605876 -0.351441
1.150158 -0.298689
2.310494 -0.116720
2.309784 -0.263954
2.230938 -0.265041
1.979264 0.100435
1.545458 -0.392422
2.045744 -0.302082
1.002944 -0.283350
1.864780 -0.246646
0.823320 -0.119602
1.778326 -0.647331
0.099891 -0.653304
2.735835 0.054165
1.536724 -0.485124
2.924354 0.032335
2.502342 -0.173249
1.717509 0.001545
1.830240 0.106047
2.703717 0.174455
0.109071 -0.674557
0.162840 -0.589850
1.816079 -0.507402
0.133491 -0.693056
2.178019 -0.207823
-0.164863 -0.818940
0.617201 -0.493139
1.869710 -0.211045
-0.046945 -0.621948
1.653805 -0.177039
-0.095404 -0.549015
1.222565 -0.144120
1.343367 -0.005203
2.598419 -0.074490
0.671452 -0.024399
0.851178 -0.416856
0.742938 -0.669629
-0.021159 -0.473750
1.900793 -0.347087
1.864573 -0.021220
2.784063 0.250965
0.632867 -0.240321
0.384524 -0.363936
0.794436 -0.471818
1.555632 -0.158987
2.402383 -0.380442
2.766895 -0.116501
0.126835 -0.514671
0.928003 -0.494159
2.661028 0.128539
-0.199352 -0.172641
2.638356 -0.021148
1.454266 -0.286378
0.532728 -0.386105
1.133027 0.087245
2.468084 -0.206085
0.605647 -0.314004
1.768446 -0.140376
2.839836 0.068268
0.441538 -0.293970
1.239568 -0.450583
3.218846 0.170805
0.520019 -0.668998
2.440881 -0.096970
0.904679 -0.387633
3.116985 -0.117065
0.027759 -0.720460
1.328190 -0.215378
0.663494 -0.361579
2.404789 0.016268
-0.224201 -0.694918
-0.042728 -0.661869
0.615942 -0.512194
1.911439 0.042027
-1.693818 -0.764149
0.609801 -0.739594
1.442674 -0.169868
1.090292 -0.520418
0.764905 -1.038349
1.818754 -0.687473
1.771348 -0.418579
2.278577 -0.096465
-1.186080 -1.034539
1.770726 -0.207731
0.876786 -0.772125
1.355857 -0.607963
1.557486 -0.496779
1.565982 -0.168146
1.067528 -0.277579
0.448553 -0.406405
1.509264 -0.329330
1.696006 -0.310527
2.237536 -0.032263
2.070406 0.138669
2.090099 0.153448
1.519918 -0.427521
1.841303 -0.363259
1.940993 -0.004498
2.046200 -0.048660
2.596409 0.081141
2.810219 0.174611
1.207721 0.094640
0.135339 -0.881403
1.235256 -0.578869
0.166631 -0.578583
1.214138 -0.347239
1.618006 -0.606185
0.366439 -0.485528
1.088826 -0.492587
0.839696 -0.451872
1.982146 -0.352967
2.029374 -0.343101
0.693092 -0.410833
2.132779 0.408248
-0.229989 -0.491680
0.199689 -0.286284
1.981525 0.068785
0.369746 -0.528007
-0.159224 -0.546935
2.358329 0.073633
2.646650 -0.031182
0.300015 -0.542649
0.363927 -0.382828
1.346248 -0.183115
1.498692 0.038903
0.881327 -0.216216
1.680920 -0.047657
0.611376 -0.814903
0.841519 -0.441679
2.092606 -0.435784
1.717462 -0.338098
1.501992 -0.271484
1.540322 -0.305855
1.198299 -0.146804
1.121570 -0.514770
1.286575 -0.381297
1.480944 -0.485838
1.831519 -0.363913
1.123425 -0.591784
3.098284 0.262751
0.839455 -0.301780
1.277064 -0.209418
2.297225 -0.265696
2.532163 -0.196963
1.002596 -0.684230
0.119597 -0.431715
0.705757 -0.424483
-0.808388 -0.978862
1.664990 0.074513
1.114639 -0.187409
0.722448 -0.328511
-0.893588 -0.988223
1.220126 -0.017958
2.581041 -0.293314
1.133299 -0.695163
0.342932 -0.873230
1.144146 -0.378766
-0.989887 -0.952193
1.741684 -0.471690
0.865724 -0.374573
1.300757 0.358470
0.946352 -0.359365
3.441171 0.251721
-0.019165 -0.391255
1.473133 -0.095209
0.777236 -0.408987
1.387624 -0.259376
1.227154 -0.635311
1.710214 -0.181949
0.719284 -0.655571
2.488853 0.019457
2.150722 -0.406781
2.073124 -0.330069
1.985691 0.134875
1.816693 -0.064464
2.965491 0.334050
1.515340 -0.526392
2.154461 0.111392
1.144282 -0.460483
0.882519 -0.577200
1.119660 0.091179
1.237995 -0.409269
0.893163 -0.479396
1.820901 -0.201508
3.499691 0.317790
2.171218 -0.122906
1.752711 -0.326382
1.301688 0.127345
2.038795 0.206184
0.217255 -0.409070
1.928885 -0.345479
1.297019 -0.523592
2.143543 -0.034788
0.530342 -0.140252
0.563168 -0.467283
1.326351 -0.258431
1.661881 -0.508010
0.410182 -0.482451
0.105469 -0.307123
-0.494663 -0.623615
0.740814 -0.421437
1.347100 0.015615
2.893949 -0.077841
0.758152 -0.668447
1.961587 -0.073821
1.310345 -0.343234
1.484174 -0.284342
0.602869 -0.573058
2.468828 -0.107453
1.509921 -0.256802
0.996197 -0.234081
3.134419 0.265430
-0.189083 -0.393516
0.570246 -0.741884
0.601797 -0.505731
2.408124 0.233167
0.344841 -0.705877
1.290403 0.108541
1.943539 -0.316403
2.825687 0.009221
2.370406 -0.226287
0.341888 -0.468372
1.627409 -0.535977
1.651744 -0.388815
1.448262 -0.140833
1.795388 0.116864
1.516406 -0.239194
2.186214 0.125398
0.913896 -0.747776
1.246163 -0.472215
1.132439 -0.331324
2.029789 -0.221086
1.918516 -0.156903
1.084116 -0.637566
1.880247 -0.427242
3.079769 0.087206
0.805259 -0.420043
1.537871 -0.529084
2.045238 -0.040267
1.680473 0.130393
1.493740 -0.121115
2.294683 -0.305911
1.457538 -0.247817
1.953882 -0.104657
0.143551 -0.293674
1.518545 -0.404448
0.673178 -0.582962
1.968106 0.003942
2.071296 0.132602
1.799165 -0.381120
0.013858 -0.612377
3.311382 -0.107324
-0.793661 -1.031222
-0.256089 -0.507297
2.891673 -0.166893
0.582851 -0.800392
1.001172 -0.582746
1.184910 -0.245182
1.076415 -0.391456
1.088298 -0.358187
3.418462 0.005067
1.491455 -0.114046
2.200338 -0.338832
2.015531 -0.170023
1.220337 -0.005657
1.832237 -0.152922
1.584982 -0.596934
0.436871 -0.287154
0.903780 -0.318076
2.675060 0.102408
2.708561 0.079443
1.388926 -0.312400
1.952204 -0.301790
0.710462 -0.465137
0.832482 -0.244148
2.148680 -0.003924
0.975216 -0.379062
0.753262 -0.311443
0.693862 0.013765
1.363429 -0.060366
2.787186 -0.656353
1.953009 -0.414920
-0.384243 -0.751663
2.201393 -0.092949
3.471969 0.478537
0.301463 -0.444202
1.693825 -0.365603
2.222362 0.129630
1.765711 -0.164814
0.840069 -0.346106
1.593217 -0.292101
0.104859 -0.756329
-0.658818 -0.799141
1.615668 -0.353072
1.495329 -0.303836
1.211558 -0.359057
0.820713 -0.164905
0.541683 -0.268120
0.665636 -0.466367
1.603785 -0.413666
2.087123 0.139028
0.989369 -0.419727
0.612880 -0.310084
0.756845 -0.372185
3.665467 -0.050139
1.711009 -0.561497
2.047832 -0.037359
2.006240 0.067610
1.533670 -0.300076
2.035398 -0.140910
0.450792 -0.927914
2.056636 -0.252026
2.415067 0.033891
1.495062 -0.331740
1.726229 -0.368581
2.430280 -0.006043
2.627513 -0.446692
0.588598 -0.456830
1.828541 0.072076
2.066159 0.043359
1.419145 -0.414746
0.112947 -0.378512
1.375788 -0.239548
2.749832 0.081744
-0.698504 -0.779648
2.091074 -0.430661
0.051053 -0.789760
2.389999 -0.202225
2.411618 -0.141355
1.823470 -0.095477
1.633014 -0.035144
0.152694 -0.323343
1.292367 -0.594492
1.580932 -0.372422
2.528945 -0.141468
2.311520 0.188590
0.455938 -0.181849
2.039335 -0.342178
2.848239 -0.676599
3.131956 0.141580
0.373283 -0.311504
-0.230167 -0.838150
1.040963 -0.119314
2.759472 0.078470
1.042282 -0.375640
1.834969 -0.012646
1.542648 0.123214
0.824062 -0.496542
0.928339 -0.601611
1.266700 -0.576714
0.602358 -0.645391
0.501198 -0.177032
1.745357 -0.166622
0.205532 -0.286925
2.719396 -0.067333
2.215205 -0.393688
1.610878 -0.011586
2.211991 -0.053366
0.894155 -0.749412
2.436767 -0.182734
0.422844 -0.483292
0.704498 -0.423528
1.618301 -0.550951
1.754639 -0.492841
0.840651 -0.594652
2.135691 0.108232
1.953420 -0.450560
1.746231 -0.483403
2.205755 -0.053964
0.783448 -0.504625
0.451717 -0.825104
0.055599 -0.127660
1.107319 -0.351346
2.766387 0.052354
0.987648 -0.538818
1.866995 -0.313750
3.127001 0.143214
3.092634 0.054920
1.014857 -0.555595
3.043154 0.326490
0.773582 0.121470
2.204170 0.328323
2.490848 0.236300
0.154865 -0.397352
0.992546 -0.348985
1.623543 -0.061754
2.034503 -0.082441
1.222445 -0.347726
1.854057 -0.042879
2.215013 0.456756
1.321744 -0.261686
2.478674 0.092982
0.538905 -0.012480
0.980224 -0.450523
1.580553 -0.704105
2.554419 -0.120848
0.966281 -0.489357
1.766752 -0.156454
1.120965 -0.223926
1.336739 -0.199487
3.636073 0.039967
2.149485 -0.262919
3.064751 0.299555
0.036690 -0.860766
1.135033 -0.486400
1.174526 -0.704602
1.617793 -0.380459
1.489532 -0.232625
1.938717 -0.135176
1.439071 -0.405451
0.439290 -0.071750
1.812049 -0.493567
2.229485 -0.185419
1.134405 -0.758839
3.278090 -0.237394
1.334878 -0.076788
0.621056 -0.371085
3.272362 0.092638
2.337425 -0.055698
1.846093 -0.012021
1.488564 -0.155959
1.092668 -0.568888
1.364714 0.012468
1.608621 -0.605510
1.890864 -0.002014
0.483009 -0.192201
1.667450 -0.524012
3.404013 0.314540
1.400826 -0.449572
2.395320 0.296017
1.841492 -0.206631
1.874351 -0.447813
2.207466 0.109012
1.260893 -0.423100
2.512655 -0.107962
2.120217 -0.061298
1.328643 -0.584180
-0.387977 -1.125547
1.732099 -0.395460
2.847263 -0.292907
0.676826 -0.620903
2.538502 -0.362371
0.991618 -0.204116
1.518472 -0.011633
3.311090 0.473204
1.538967 -0.495391
3.321176 0.270309
1.375524 -0.537738
1.828985 -0.311272
1.206094 -0.280048
1.888412 0.254497
2.400543 -0.021702
0.147098 -0.914949
0.412494 -0.516429
1.199558 -0.532122
2.274690 -0.027756
0.557579 -0.695791
0.427449 -0.611473
0.688705 -1.104366
3.389961 -0.087381
1.161040 -0.519972
2.420532 0.085557
0.323596 -0.677029
1.927339 0.070045
2.508331 -0.107470
1.402142 -0.538337
1.989830 0.348100
0.384004 -0.384778
0.876758 -0.316135
1.613830 0.198347
2.733320 0.167036
1.533778 -0.308100
0.939726 -0.505118
-0.458301 -0.914252
0.997847 -0.338826
1.002899 -0.223404
2.402958 -0.121503
1.063867 0.043965
1.804258 -0.307447
2.614901 -0.232772
1.354870 -0.365074
1.260559 -0.315732
1.507920 0.144267
1.680346 -0.506795
1.986482 -0.237996
0.978320 -0.515789
0.956034 -0.294267
2.065987 -0.382722
1.913986 -0.042255
0.714064 -0.415923
1.205782 -0.361529
2.000288 -0.160678
2.243298 0.093166
2.660151 -0.225786
0.773027 -0.296994
0.668837 -0.650500
0.838398 -0.584415
0.772052 -0.572393
1.471960 -0.158534
1.481925 -0.195695
0.784411 -0.275966
1.579116 -0.478620
0.355678 -0.408753
0.790647 -0.829459
2.463880 -0.107961
1.708108 -0.506037
0.124122 -0.426673
0.876433 -0.404604
0.803591 -0.548944
1.958988 -0.356094
2.221692 -0.546975
1.038055 -0.474587
1.418187 -0.294382
1.259023 -0.627662
2.570003 -0.157337
2.942148 -0.439525
0.232949 -0.840945
0.610877 -0.546951
0.691083 -0.705468
1.756568 -0.622711
1.563744 -0.275126
2.392463 -0.258039
2.011012 -0.126028
0.514311 -0.321628
2.457849 -0.021310
1.563402 -0.204247
0.391340 -0.457382
0.895738 -0.707441
0.728996 -0.260781
2.941274 0.138547
2.970344 -0.072896
0.602156 -0.540294
0.691762 -0.472466
2.406193 -0.054568
1.134005 -0.276254
1.956043 -0.127050
-0.551364 -0.673081
0.990149 -0.078810
2.336720 -0.238340
1.575380 -0.304355
3.417388 0.212314
1.444291 -0.680980
0.527276 -0.349330
-0.181456 -0.400149
1.252141 -0.367549
2.630967 0.083565
1.975179 -0.407567
-0.230283 -0.254257
1.059302 -0.245854
2.967977 0.376397
2.960368 -0.355569
1.324606 -0.346927
1.905365 -0.274680
0.909341 -0.511811
-0.106548 -0.264562
2.186327 -0.277984
0.610339 -0.522993
1.301981 0.037389
1.502747 -0.431462
1.240426 -0.578706
2.289754 0.020504
1.057175 -0.455087
2.360508 0.049871
0.834122 -0.423657
0.876112 0.121024
1.243431 -0.168073
1.638024 -0.651061
2.069488 -0.076461
-0.147748 -0.695621
1.933190 -0.435744
2.604474 0.048831
1.136725 -0.391753
2.295304 -0.139733
1.171250 -0.502977
0.645479 -0.541401
1.912238 -0.257336
2.055461 -0.215031
0.387240 -0.675115
1.386734 -0.296404
0.177712 -0.445446
0.966639 -0.547607
0.409440 -0.322197
1.191018 -0.440366
1.869434 -0.215174
0.267351 -0.559526
0.932368 -0.726140
2.833791 -0.049926
0.698429 -0.546833
1.122746 -0.895819
3.237975 0.365495
0.716303 -0.344890
1.009626 -0.568228
1.966363 -0.039466
0.412186 -0.998143
2.360657 -0.049288
2.051302 0.025082
2.984007 0.258384
0.757061 -0.506306
1.289404 0.024165
1.337380 -0.235777
1.661164 -0.689049
1.801080 0.149190
0.272832 -0.350882
2.055032 -0.186252
2.455716 -0.286532
2.378264 -0.386294
2.155138 -0.415983
-1.005773 -0.703267
0.817652 -0.129660
1.479945 0.017336
3.105464 -0.296695
0.506061 -0.829766
1.544489 -0.087733
1.119947 -0.151489
1.445761 -0.539042
2.160917 -0.273948
2.982757 0.207416
0.414584 -0.345580
0.844820 -0.620379
0.545700 -0.137297
1.259008 -0.159045
-0.147960 -0.653811
1.541569 -0.574785
2.408821 -0.369581
1.576169 0.205808
-0.007375 -0.377698
1.152305 -0.818062
0.117646 -0.871878
0.439088 -0.352259
0.886900 -0.544661
2.418296 -0.110166
1.494904 -0.404192
0.953626 -0.910345
0.813013 -0.469427
-0.098847 -0.388841
1.712867 -0.325482
0.957524 -0.255492
2.288324 -0.277886
1.337374 -0.300394
1.536233 0.062916
0.935671 -0.367284
1.663944 0.094245
2.916362 0.444295
1.121413 -0.273080
1.447500 -0.113081
0.288369 -0.656033
1.690241 -0.182839
1.438236 -0.188963
1.676271 0.084235
0.675264 -0.591158
0.864997 -0.427077
1.252023 -0.222139
2.970827 -0.099150
2.016362 -0.040428
1.702261 -0.305429
1.708278 -0.167290
0.062538 -0.626080
1.234712 -0.797339
1.587930 -0.314416
1.992763 -0.244747
0.924595 -0.205181
2.057847 -0.448846
1.643453 -0.117652
2.040789 -0.274052
1.099577 -0.867156
1.237712 -0.685501
0.219953 -0.680322
2.311794 -0.148099
1.417718 0.104025
1.585049 -0.338203
1.602329 -0.477722
1.400898 -0.285344
0.898262 -0.375832
0.844345 -0.294202
0.672124 -0.469453
0.563690 -0.321948
1.649125 -0.229314
1.869992 -0.061516
3.076334 0.008165
-0.347602 -0.389669
1.613272 -0.028568
1.486974 -0.148059
0.765158 -0.070637
0.200315 -0.698762
1.385844 -0.708233
2.567561 -0.068536
0.971885 -0.589872
1.321434 -0.540251
1.569564 0.079756
1.841883 -0.202630
1.973191 -0.198459
1.382594 -0.313934
0.646590 -0.169534
3.204475 -0.169284
0.958156 -0.223012
0.447899 -0.891702
1.339650 0.240967
1.356052 -0.256374
-0.214215 -0.452695
2.952195 -0.081958
0.960179 -0.775945
1.364140 -0.561382
2.346922 -0.336266
0.502223 -0.311867
1.018457 -0.097845
1.055886 -0.212074
1.147336 -0.239283
1.912913 0.163964
2.891649 0.398285
1.894090 -0.537308
1.934435 -0.050887
1.352411 -0.265452
0.908310 -0.380554
1.934786 -0.130877
0.643892 -0.804095
2.353877 0.328453
0.382968 -0.678684
1.022097 -0.400516
1.675433 -0.042976
2.155645 0.101076
1.687581 0.053359
0.171072 -1.014125
0.712253 -0.354263
3.376928 -0.016121
0.932227 -0.358766
1.298780 -0.415063
1.617161 -0.248032
0.881521 -0.373932
1.931284 -0.377358
1.771902 -0.051616
2.696130 -0.003447
0.539643 -0.216780
-0.209371 -0.103290
2.209738 -0.429699
1.085262 -0.335936
1.746106 -0.323594
1.003930 -0.487862
2.544021 0.056272
2.180998 -0.098366
1.338082 -0.118813
1.745080 -0.307322
0.580026 -0.200194
1.020711 -0.496467
2.460136 -0.250183
1.403401 -0.631107
0.647086 -0.037439
-0.137644 -0.517813
1.603943 -0.483453
1.865385 -0.533740
2.295455 0.068816
1.929392 0.058635
1.463705 0.130173
2.311033 0.132703
1.082849 0.007705
0.804402 -0.088802
2.747058 0.227298
0.942898 -0.470245
2.561413 0.089844
-0.727213 -0.891115
2.633353 -0.086951
2.074228 -0.004661
0.882194 -0.446557
1.525506 -0.173391
-0.361355 -1.080598
0.006629 -0.529551
-0.232908 -0.253966
0.803954 -0.614420
0.092734 -1.001700
2.643842 0.143476
0.955612 -0.317497
1.638130 -0.384930
0.229616 0.027163
0.690316 -0.111661
1.542560 -0.403499
1.036489 -0.734014
2.243600 0.285534
2.152595 0.022576
1.231795 -0.536958
0.256414 -0.451695
3.886916 0.025428
1.787639 -0.417302
0.873118 -0.707193
0.592794 -0.618152
1.217146 -0.737981
1.042391 -0.374705
1.557595 -0.331188
2.402586 0.074927
-0.114389 -0.562550
2.504530 -0.225604
0.725605 -0.260265
1.158684 0.011443
0.575445 -0.577751
1.172535 -0.027301
2.949388 -0.228079
0.396856 -0.575944
1.078805 -0.319666
2.882912 0.389865
1.760255 -0.344936
-0.323944 -0.633049
2.245562 -0.025023
1.928733 -0.198395
1.424211 -0.348553
3.162975 -0.026310
1.666290 -0.177088
2.290676 -0.210909
1.433995 -0.240964
1.258152 -0.174335
1.747212 -0.180201
0.053704 -0.701214
1.724973 -0.246877
2.293215 0.028736
1.493063 -0.029928
1.249724 -0.062560
2.003593 -0.035121
1.803589 -0.291175
1.427151 -0.489867
1.819239 -0.530504
-0.093709 -0.414958
3.067737 0.251566
0.471859 -0.520944
1.394398 -0.072167
2.623753 -0.721451
0.293553 -0.644976
2.084918 -0.012343
0.968055 -0.104709
2.143641 0.046253
0.886458 -0.540675
0.643801 -0.659634
0.788831 -0.402313
0.580498 -0.313080
1.305550 -0.556700
1.784011 -0.558681
2.204489 0.020278
2.212513 0.064799
2.853860 0.351227
2.179911 -0.226957
1.147680 -0.228092
1.150347 -0.662096
2.528426 -0.388335
1.923763 -0.007142
0.695223 0.089178
-1.240292 -0.736350
1.920505 -0.202358
1.071342 -0.661561
3.375353 0.135314
2.620589 -0.488112
0.638343 -0.438141
1.652966 -0.202689
0.687501 -0.390051
3.727310 0.396698
1.507718 -0.724861
0.805991 -0.313347
1.850531 -0.431164
1.160427 -0.516446
0.646671 -0.734858
0.411233 -0.806627
-0.514370 -0.590618
1.455257 -0.347659
0.884581 -0.199444
1.501867 -0.052311
2.077851 -0.631721
0.080070 -0.431305
1.968218 -0.492649
-0.137469 -0.445025
1.878363 -0.130823
0.670074 -0.139126
0.821008 -0.472036
1.100852 -0.704350
2.601677 -0.027951
0.593914 -0.675316
0.854540 -0.561549
0.797542 -0.372698
1.737078 -0.371138
2.914443 0.108890
2.316011 0.079612
-0.126504 -0.596380
1.320646 -0.653188
1.927890 -0.005213
1.353120 -0.269871
1.854627 -0.239795
0.569536 -0.142296
2.151702 -0.216651
-0.577920 -0.852533
2.093064 -0.167144
1.765737 -0.403398
0.826830 -0.247366
0.803392 -0.682602
0.081208 -0.576543
0.883494 -0.315291
0.364338 -0.653078
1.834286 -0.208967
1.208023 -0.136297
0.825443 -0.818732
0.648914 -0.178518
1.401266 -0.584822
2.893260 0.198172
1.384893 0.002663
1.461418 -0.134814
2.482728 -0.326840
1.641803 -0.053126
2.049458 0.003857
1.042028 -0.339304
2.238234 -0.222595
1.716265 -0.059314
1.568050 -0.120361
1.328201 -0.268463
1.864771 -0.461756
0.295900 -0.616077
1.558210 -0.192154
1.808627 -0.013709
1.489676 -0.297587
-0.722949 -0.347914
0.701546 -0.694330
0.752997 -0.377268
1.481877 -0.262831
1.122431 -0.323362
2.370751 -0.374708
-1.295735 -0.697281
1.397989 -0.190589
1.886419 -0.257148
0.594199 -0.269893
0.540301 -0.463993
2.060809 -0.123544
0.619494 -0.438697
0.471882 -0.724410
1.041058 -0.423537
1.870844 0.213493
1.067604 -0.488573
1.277280 -0.293092
-0.085529 -0.708046
3.075326 0.403449
2.161754 0.068080
2.799344 -0.366465
3.650038 0.217937
1.277584 -1.020122
1.186343 -0.736169
0.419967 -0.228769
0.171494 -0.319378
0.458686 -0.350795
0.722452 -0.553381
0.700298 -0.821126
-0.074971 -0.745175
1.232906 -0.520133
1.838382 0.170302
2.937667 -0.072115
0.272394 -0.562109
1.775379 -0.150804
1.944260 -0.191448
1.024050 -0.543188
1.992233 0.308983
0.096537 -0.383097
0.238540 -1.049711
0.028172 -0.496900
1.691464 0.354977
2.522223 -0.090579
0.904044 -0.320797
1.421216 -0.550870
1.548114 -0.776917
3.740257 0.371249
0.192450 -0.408308
0.627935 -0.693797
2.775389 0.137177
1.480131 -0.088001
2.100192 0.282765
2.478866 0.187368
1.266766 -0.461761
2.149618 0.002710
2.265701 -0.224851
1.647991 -0.224994
0.456345 -0.667412
1.672825 0.048751
2.028378 0.015594
0.505628 -0.313798
2.344902 -0.129639
0.488370 -0.583189
1.638467 -0.432157
1.784077 -1.001977
1.465706 -0.009274
0.823873 -0.581172
1.566154 -0.226551
1.205101 -0.182278
3.072222 0.340689
3.003890 -0.008362
2.040053 -0.271007
1.897172 -0.543630
0.962773 -0.179877
1.061294 -0.210494
2.414213 -0.114963
1.882539 -0.203466
1.215375 -0.005422
1.391312 -0.447368
0.768428 -0.619037
0.900187 -0.386456
0.941576 -0.199542
2.406077 0.028558
1.084785 -0.727839
0.893144 -0.959942
0.944921 -0.436836
2.520801 -0.103935
3.054333 -0.358986
1.866588 -0.159170
1.051731 -0.016966
0.219051 -0.715711
1.101681 -0.330300
1.747697 0.004325
-0.336647 -0.504315
1.285581 -0.368496
1.231283 -0.402997
1.977449 0.175708
0.525976 -0.533484
1.814417 -0.156072
0.777031 -0.409532
0.646357 -0.799772
0.111483 -0.720989
0.707794 -0.668839
1.978183 -0.359111
3.142437 -0.148700
1.685571 -0.168816
0.899940 -0.454469
2.022209 -0.294177
1.341085 0.010073
1.977499 0.193825
1.180119 -0.551755
1.032436 -0.269455
2.222965 -0.051175
0.435497 -0.424808
2.165924 -0.459855
2.686683 -0.315410
2.822862 0.325765
2.108695 -0.195568
1.150528 -0.423952
1.755125 -0.230999
1.672806 -0.029482
0.973245 -0.697261
-0.583287 -0.526524
1.529666 0.349616
1.036020 -0.307798
1.226951 -0.694208
2.703217 -0.230493
0.344669 -0.430714
0.571618 -0.585809
1.147156 -0.165510
2.015510 -0.238310
0.955665 -0.813687
2.072999 -0.052396
1.330383 0.200386
0.103124 -0.695697
1.756957 -0.529617
0.268844 -0.894692
1.856870 -0.254353
2.115012 0.381012
1.904819 -0.589461
1.077047 -0.489837
0.016178 -0.768930
0.236269 -0.219800
2.315360 0.091255
1.611610 -0.282306
2.078672 -0.333900
1.875699 -0.191039
0.616317 -0.285968
0.531798 -0.762138
2.934679 -0.096221
0.935151 -0.683997
1.087041 -0.195672
1.852862 -0.020079
0.984628 -0.208405
2.019225 -0.029309
1.664628 -0.468599
2.141117 -0.248925
1.209762 -0.296119
0.880231 -0.466508
0.578008 -0.459563
0.789102 -0.291563
2.141896 0.267200
2.303537 -0.222524
0.205054 -0.293664
2.250949 0.082094
1.341500 -0.170230
1.788987 -0.164575
-0.437261 -0.637422
0.247034 -0.810505
1.347332 -0.424407
0.902871 -0.698455
2.317312 0.113763
0.769326 -0.555343
1.260052 -0.029647
0.268356 -0.387283
0.452309 -0.525378
0.657301 -0.522198
1.612470 -0.093273
1.085635 -0.684464
-0.254968 -0.275495
0.034406 -0.400737
1.424047 -0.284307
1.158433 -0.556881
0.710175 -0.463402
0.829038 -0.583709
1.790068 -0.284764
0.749008 -0.495301
1.895593 0.031196
1.885460 -0.159559
2.572110 -0.001353
1.957350 -0.414011
-0.320920 -0.807574
0.439720 -0.421315
2.414122 -0.076072
2.667503 -0.217284
0.568280 -0.859232
2.024349 -0.629937
1.838324 0.036073
0.784439 -0.971433
-0.324327 -0.927454
-0.758786 -1.054289
1.831212 -0.101808
0.483859 -0.413809
0.728898 -0.174125
1.349125 -0.084357
0.558464 -0.178531
1.459409 -0.047524
1.718193 -0.135922
2.117807 -0.067606
1.553201 -0.302542
1.811637 -0.500742
1.386584 -0.549891
0.366856 -0.628643
1.131265 -0.619967
1.273341 -0.309418
1.953017 -0.044805
1.174892 -0.526556
0.008101 -0.489112
1.376076 -0.204715
2.580004 0.445017
1.713440 -0.303182
0.408766 -0.518990
2.649582 0.161788
1.388586 -0.093892
1.310495 -0.523004
-1.132977 -0.698725
2.180421 0.281325
0.691062 -0.366731
-1.409638 -1.123470
1.327262 -0.451704
0.384263 -0.254294
-0.138253 -0.821829
-0.521972 -1.133054
1.535221 0.200494
-0.095318 -0.654908
1.831035 -0.402897
1.828255 -0.306143
2.317208 0.466685
1.716814 -0.221964
2.588124 -0.173549
1.494828 0.149553
2.075025 -0.311576
0.021690 -0.756071
0.190655 -0.530862
0.950140 -0.502549
0.699575 -0.489148
1.009170 -0.587860
2.616058 -0.001361
1.546778 0.025926
1.311901 -0.132938
0.533881 -0.345758
0.343424 -0.496608
2.138786 -0.094032
1.418734 -0.118657
1.155079 -0.751735
3.205688 -0.037294
0.666073 -0.321625
1.987881 -0.592166
1.089560 -0.352664
-0.308184 -0.416313
-0.226996 -0.713525
1.593497 -0.152930
2.158877 -0.214527
2.849934 0.268330
2.163314 -0.360533
-0.478718 -0.850546
-0.120487 -0.769891
0.922326 -0.645900
1.619283 -0.415211
1.005909 -0.219738
0.876459 -0.581977
1.503056 -0.237393
0.799560 -0.396253
0.276572 -0.773613
2.391899 -0.047017
1.424277 -0.687304
1.708427 -0.446968
1.728684 -0.481084
0.584525 -0.850405
0.836211 -0.592600
2.257177 0.381718
1.812918 -0.374252
1.063074 -0.419585
0.052718 -0.722080
0.318945 -0.389020
1.694212 -0.340578
1.483492 -0.502830
0.824827 -0.698879
1.653215 -0.332579
0.587727 -0.740837
1.578893 -0.315945
2.133203 -0.388920
2.126646 -0.392497
2.159276 -0.193409
0.276596 -0.560267
2.405332 0.256958
-0.457351 -0.393116
1.939165 -0.342919
1.432080 0.008014
3.390463 -0.021068
1.029588 -0.162140
1.049777 -0.315191
2.228844 -0.320566
0.946840 -0.457508
1.059317 -0.358147
1.601381 -0.241053
1.389054 -0.085263
1.430901 0.087895
-0.046706 -0.274167
2.382354 0.078385
1.473641 -0.585707
1.121852 -0.355528
1.704824 -0.571108
1.570375 -0.207784
2.431188 -0.167101
2.178135 -0.305151
1.698914 -0.097065
-0.133519 -0.763527
1.500451 -0.530292
1.217133 0.087842
2.373481 -0.200342
1.679091 -0.014007
1.536871 -0.188267
1.210038 -0.268868
1.022381 -0.195366
0.146430 -0.228864
2.600801 0.143333
2.281402 0.381491
0.384297 -0.238880
0.126274 -0.626211
1.288903 -0.082118
1.630780 -0.206395
