1.633188 -0.351080
1.381488 -0.926940
0.505208 -0.518069
0.830323 -0.328743
0.945246 -0.094372
1.185840 -0.352647
1.182581 -0.048872
2.530945 -0.692757
3.935170 -0.113135
0.664798 -0.439404
0.218387 -0.353314
0.690913 -0.351854
0.226982 -0.441213
1.765436 -0.153329
1.149226 -0.574759
0.759218 -0.054766
1.335080 -0.881840
0.676687 -0.535703
0.417446 -0.735941
2.790992 -0.233467
1.694942 -0.392551
1.408671 0.018902
2.305692 -0.210316
0.668661 -0.038519
2.227413 -0.588598
0.298103 -0.344300
2.008128 -0.149275
2.031907 -0.704776
-0.281384 -0.242983
2.914461 -0.321183
2.708426 -0.584772
0.833075 -0.346508
1.783339 0.197930
2.057698 -0.309177
0.783595 0.015223
2.418017 -0.395593
2.105671 -0.249563
2.824452 0.146650
2.197958 -0.066394
3.034192 -0.378470
2.181181 -0.614164
0.550674 -0.044011
2.835230 -1.040600
1.967040 -0.554382
0.451941 -0.263089
1.053198 0.030458
0.280510 0.011103
3.658494 -0.148313
1.685642 0.017138
1.278928 -0.285945
0.309265 -0.242221
0.288684 -0.800528
2.016589 -0.302293
2.073379 -0.281487
0.213225 -0.388920
1.463008 0.107013
1.467589 -0.457081
-0.780928 0.080176
0.691893 0.283069
2.256832 -0.575714
1.366405 0.033642
1.896065 -0.490838
1.006952 -0.597360
2.620870 -0.650482
1.832664 -0.614123
0.273532 -0.206571
0.447729 -0.399155
1.105962 -0.515131
0.899931 -0.609305
1.871382 -0.472433
0.725354 0.099745
0.303775 -0.356309
2.372911 -0.482101
1.424090 -0.350409
2.646243 -0.408411
1.122420 -0.374924
1.644731 -0.040297
0.755791 -0.469596
1.340589 -0.274114
0.856953 -0.075642
1.481450 -0.509184
1.799933 0.314208
2.044070 -0.220627
-0.627038 -0.279526
2.082937 -0.716219
2.488370 -0.077380
1.046832 0.028310
2.727280 -0.372773
-0.034098 -0.458688
0.625572 -0.347054
2.661442 -0.358747
1.285082 -0.362051
1.431851 -0.068839
2.404593 0.167920
0.517590 -0.237840
2.965239 -0.388519
2.752595 -0.177687
1.358189 -0.047084
-0.158700 -0.221712
0.885461 -0.499417
2.004929 0.153979
1.500913 -0.820542
0.666971 0.215873
1.526340 -0.574732
1.800650 -0.493548
2.263361 -0.323532
2.116600 -0.134109
0.743054 -0.068291
1.762859 -0.389070
0.713043 0.095756
2.576907 0.030139
0.386184 -0.533758
1.353019 -0.079734
1.849569 -0.369560
1.934380 -0.779692
1.947325 -0.602552
-0.233387 -0.362284
1.517081 -0.900111
1.966012 -0.715400
2.420246 -1.107794
2.595819 -0.114125
0.509422 -0.030965
1.455464 0.079773
1.758268 -0.042307
0.831231 0.049876
1.465403 0.154523
1.822527 -0.373128
2.441706 -0.336655
1.557103 -1.030637
0.591424 -0.255693
1.104068 0.135164
1.522710 -0.008029
1.430870 -0.170050
1.082010 -0.902477
1.640571 -0.338185
1.460493 -0.295883
1.666926 -0.586408
2.357368 -0.582829
2.409729 0.131354
-1.500292 -0.255062
2.252553 -0.738824
0.980707 -0.321976
0.761961 -0.534460
0.587099 0.091675
0.543424 -0.686914
2.154473 -0.057478
1.283708 -0.554299
1.955541 0.083970
1.669309 0.052002
-0.063748 -0.206642
1.913435 -0.185997
1.624038 -0.348909
2.532243 -0.433635
0.570075 -0.584634
0.810715 0.637037
1.051881 -0.801316
1.865857 -0.386292
2.361640 0.319679
2.017235 -0.367438
2.146218 -0.077415
1.644716 -0.158761
2.380964 -0.193218
0.638789 -0.745354
0.884857 -0.019877
2.577993 -0.454612
1.904437 -0.151992
2.350668 0.187883
1.004869 -0.080925
1.378574 0.018198
1.832976 -0.368124
2.113334 -0.371229
2.091084 -0.759730
1.538457 -0.640892
1.781623 -0.300529
1.251203 -0.711335
0.733747 -0.084660
3.192356 -1.010450
2.586633 -0.032444
1.760639 -0.439896
1.850404 0.107490
1.849860 -0.074056
1.013812 0.245756
1.820116 0.063160
2.065464 -0.500972
2.383690 -0.073962
1.509776 0.014209
-1.456722 -1.293724
0.402403 -0.407435
2.288682 -0.572572
1.192729 0.213901
1.188011 -0.236997
0.982655 -0.239772
1.044786 -0.299408
0.305734 -0.407154
-0.531190 -0.408412
0.673492 -0.630275
0.816141 -0.262042
2.666711 0.090974
3.320778 -0.016311
2.099718 0.110850
0.409623 -0.325590
0.191553 -0.910411
1.507447 -0.465195
1.828705 -0.367555
-0.184141 -0.281167
0.627311 -0.455617
2.126711 0.059601
0.423042 -0.040300
-1.626244 -0.939055
-0.040693 -0.255337
0.182406 -0.079534
1.901426 -0.355112
0.513074 -0.709576
0.899462 -0.746074
3.164563 -0.271495
2.350826 -0.144375
1.655915 -0.364128
1.718919 -0.511138
0.996950 0.209025
1.168548 -0.181244
1.711064 0.231535
-0.069871 -0.077499
2.551651 -0.386994
0.374444 -0.433831
2.246205 0.022309
0.961760 -0.768638
-0.661440 -0.596955
2.519632 -0.071903
0.475945 -0.304248
2.787198 -0.510410
1.181816 -0.063112
1.349513 -0.290847
0.935448 0.005917
0.981714 -0.193205
3.242448 -0.677550
1.157687 -0.123260
0.375265 0.033468
0.569566 -0.057300
3.042909 -0.782637
2.790480 0.033520
1.759718 0.012766
0.587624 -0.920902
2.114996 0.190754
1.096357 -0.204097
0.226679 -0.115120
1.356676 -0.931917
2.148362 -0.657416
1.090229 -0.453174
1.991280 -0.567476
1.108681 -0.121717
1.893982 -0.406785
1.651894 -0.773099
0.647381 -0.474260
-0.208662 -0.144703
3.954411 -0.329476
2.969807 -0.494797
2.072604 -0.170357
0.815435 -0.423294
1.324780 0.118664
2.796766 -0.314134
0.938495 -0.030553
1.222326 -0.680179
1.998868 -0.535740
1.117346 -0.045378
0.720088 -0.351436
0.905741 -0.668364
2.701747 -0.537010
0.891199 -0.160286
1.485686 -0.035166
0.712592 -0.343935
0.975306 -0.282717
2.011136 -0.415849
1.163536 -0.638405
1.112077 -0.467589
0.065680 -0.693084
1.083788 -0.365786
2.407056 -0.357053
2.196603 -0.913380
0.592415 -0.113581
1.980100 -0.115228
-0.579810 -0.458899
2.661547 -0.359140
1.849952 -0.245567
2.857506 -0.204199
-0.005816 -0.699464
1.133021 -0.528283
-0.092542 -0.379157
1.447992 -0.474719
0.523733 -0.568682
3.030370 -0.297366
0.291356 -0.469590
2.815292 -0.412988
2.286417 -0.525243
0.617635 -0.340416
0.924175 -0.409720
1.069081 -0.496986
0.783466 -0.117686
1.589546 -0.214135
0.376063 0.010642
1.328535 -0.456603
1.665251 0.224619
3.256176 -0.572054
0.616653 -0.479886
1.788790 0.107799
1.964896 -0.165278
2.685779 -0.237729
2.688747 -0.398045
0.823218 0.590563
1.855244 -0.114896
2.716314 -0.873462
2.596957 -0.210157
1.812103 -0.017669
2.067816 -0.607965
2.487345 -0.450629
0.550403 -0.231296
-0.360860 -0.226458
3.238069 -0.443286
1.703425 -0.354107
1.398159 -0.004402
1.411353 0.192765
2.202276 0.199289
0.988861 -0.299151
0.668735 -0.331803
1.719518 0.054665
1.128743 -0.557208
1.476230 -0.191500
0.342261 -0.509473
1.287075 -0.222329
2.248810 -0.140977
2.037997 0.396271
1.120620 -0.121862
2.702511 0.343298
1.696000 -0.548519
2.298249 -0.270174
1.644091 -0.180299
2.260520 -0.468292
1.963057 0.220038
1.904900 -0.482324
2.063141 -0.035630
1.359290 -0.302020
1.555535 -0.325341
2.791425 0.054003
2.379437 -0.527269
0.415038 -0.154594
1.847353 -0.426730
0.278361 -0.100412
0.377316 -0.139336
1.604388 -0.449277
2.644468 -0.063776
1.518899 -0.726202
0.992108 0.215230
0.511946 -0.483450
0.997477 -0.360197
0.350939 -0.228439
1.194332 -0.649608
2.742114 -0.074246
1.221401 -0.345209
1.621578 -0.325125
0.615548 -0.067314
1.240981 -0.021775
1.048829 -0.061521
2.386661 -0.296712
1.227217 -0.800207
1.429253 -0.321070
1.239326 -0.344350
1.529493 0.065086
3.212278 0.255870
0.937619 -0.846783
2.925058 -0.036726
0.737568 -0.613374
2.369811 0.044887
1.480520 -0.339762
0.889031 -0.178746
0.333867 -0.268205
1.873141 -0.034797
2.650217 -0.759993
2.001135 -0.230068
1.827355 -0.503356
2.212195 -0.087319
2.997911 -0.392973
2.440583 0.077497
1.823074 -0.241120
0.552833 -0.311894
1.976575 -0.098013
1.057360 -0.712358
2.074185 -0.501446
2.154170 -0.144515
2.558260 -0.192067
0.065993 -0.131243
1.395909 -0.823442
2.282969 -0.563414
-1.585877 -0.363574
1.855984 0.028284
0.475351 -0.265092
2.164917 -0.409381
2.325615 -0.349263
2.067085 0.140738
2.816999 0.026853
1.979345 -0.020379
1.637878 -0.584307
0.882636 0.375336
2.041310 -0.204021
1.601449 -0.150337
1.906680 -0.343751
1.223641 -0.153949
1.970121 -0.637723
2.503093 0.040001
2.508121 -0.137832
2.560705 -0.527943
0.917535 -0.188039
1.936087 -0.149810
0.940141 -0.361420
1.256137 -0.071652
0.399053 -0.357669
1.182272 -0.394735
1.026551 -0.451917
0.462176 -0.529067
2.081946 -0.540067
1.713654 -0.327704
1.250130 -0.107503
-0.361479 -0.125692
3.019284 -0.979637
2.605946 -0.099023
1.239838 -0.539109
0.256422 -0.833689
1.934972 -0.207263
1.135627 -0.225849
-0.500061 0.246553
0.322715 -0.383808
1.627037 0.208829
2.953076 -0.160667
1.377903 -0.431788
2.028437 -0.819980
1.814232 -0.046518
0.328091 -0.799099
0.181410 -0.250318
3.221050 -0.506604
0.685152 -0.488329
0.917861 -0.340316
1.713714 -0.148647
2.055917 -0.179050
0.934994 0.177000
2.073489 -0.263543
1.827424 0.147457
2.946384 -0.252114
1.992267 -0.615175
0.397942 -0.680281
2.135606 0.258386
2.776881 -0.036726
-0.748757 -0.293019
0.984879 -0.898079
0.999853 -0.093799
3.232273 -0.469083
2.698105 -0.493097
1.677547 -0.012345
0.372698 -0.045402
1.470635 -0.128108
-0.773619 -0.387799
0.230960 -0.416517
0.832661 -0.463641
1.371094 -0.495323
2.254450 -0.565710
-0.146699 -0.743141
0.618994 0.136872
1.032675 0.021055
2.100903 -0.346067
1.408147 -0.335589
1.134871 -0.529847
0.228387 -0.415751
1.593049 -0.103931
1.461465 -0.717401
0.188201 -0.201955
1.526606 -0.006403
1.639736 -0.209602
0.339822 0.053364
1.496820 -0.210034
1.571794 -0.653225
1.012895 0.032165
1.151986 -0.089521
1.146720 -0.245445
0.868591 -0.533110
0.754439 -0.237699
1.897561 -0.782150
1.340862 -0.387725
-0.265642 0.301103
0.750009 -0.442352
1.692902 -0.311725
-0.033270 -0.215646
2.280404 0.133493
2.392173 0.178456
1.246258 -0.766564
1.687453 -0.360976
1.516295 -0.364977
1.427078 0.284603
1.452446 -0.215262
1.481200 -0.151718
1.285652 0.057271
-0.813554 0.061448
1.043545 -0.249650
2.402866 -0.017380
1.354815 -0.669952
0.884325 -0.357933
0.597207 -0.245159
1.161354 -0.395663
-0.414839 -0.291341
2.000870 0.162324
0.391497 -0.358121
1.684679 -0.199057
0.319941 -0.311754
2.509680 -0.322557
2.504937 -0.624508
0.801340 -0.367341
2.251076 -0.603847
1.192327 -0.790102
1.504310 -0.580930
0.733408 0.127123
-0.559235 0.091564
0.429675 -0.907038
1.577273 0.268539
-0.014067 0.026727
2.047208 -0.086496
0.490566 -0.199160
-1.167316 -0.070027
0.644893 -0.198116
2.853473 -0.494435
0.207350 0.155839
1.967034 -0.521502
1.221511 -0.609189
1.983249 -0.600496
0.817266 -0.528270
2.615711 -0.113920
1.647015 -0.079573
1.930432 -0.130544
2.179770 -0.289437
0.870225 -0.975014
1.589056 -0.675367
0.190888 -0.623016
1.972094 -0.117755
2.065685 -0.000687
0.097243 0.102404
1.471002 0.243993
3.370283 -0.701518
1.195064 -0.129698
2.194358 -0.645810
1.659191 -0.471353
-0.280700 -0.281043
0.607034 -0.276874
1.702397 -0.717309
0.705329 -0.379940
0.595443 0.052797
0.917767 0.304437
0.443450 -0.962873
1.076287 -0.311971
1.413194 -0.304392
0.728717 -0.689110
1.217231 -0.520197
0.962248 -0.515191
1.759851 0.019726
1.170392 0.363117
1.989696 0.278751
-1.211899 -0.556705
1.682181 -0.149856
0.571395 -0.357540
1.893716 -0.020519
0.382871 -0.289205
0.813330 -1.079904
3.729656 -0.168792
1.948631 -0.619107
3.077382 -0.156691
1.882161 -0.102780
1.017540 0.304762
1.421506 -0.590817
2.465797 -0.621084
0.620967 -0.599657
0.792042 -0.597598
1.142696 -0.577690
2.423566 -0.366809
1.737588 -0.812374
2.274556 -0.396945
1.679016 -0.172794
3.242450 0.282539
1.733600 -0.387690
1.437295 -0.065480
2.392252 -0.518892
1.364312 -0.278982
2.654535 -0.851237
0.796839 -0.226598
1.015269 -0.122458
0.564016 -0.402293
1.550939 0.106147
1.405747 -0.230383
0.400193 0.145274
1.930006 0.118455
0.353540 -0.352852
2.387581 -0.449559
0.225173 -0.145077
1.284027 -0.087724
0.758128 -0.741140
1.735538 -0.422164
0.038690 -0.078355
0.142804 -0.284938
1.854368 -0.265043
3.052228 -0.433432
1.561117 -0.590573
1.100940 -0.178571
1.629519 -0.734537
2.870459 0.197268
1.830907 0.161398
2.282361 0.155664
3.234488 -0.109775
0.768001 -0.460803
0.920684 -0.031699
1.741800 -0.210245
1.048214 -0.345137
0.389873 -0.107752
0.984779 -0.299755
2.322261 0.143500
1.736059 -0.236845
1.760120 -0.489756
0.985535 -0.897558
2.396799 -0.066202
1.447077 -0.494268
0.787155 -0.140740
2.158644 -0.329270
0.788489 -0.553419
1.840334 -0.925995
1.974360 -0.488001
0.714733 -0.044559
2.014374 -0.459139
-0.528040 -0.293598
1.677486 -0.527009
2.274737 -0.253349
2.445439 0.048794
1.155068 0.032199
0.957546 -0.315800
-0.366787 -0.725301
1.338449 -0.242006
2.407411 -0.197920
0.905459 -0.235191
1.196229 -0.225761
0.990782 -0.356961
1.269331 -0.057283
2.670070 -0.017151
1.878460 -0.129898
1.101121 -0.579193
1.613764 -0.312814
1.255616 0.098554
2.204498 -0.660971
1.201864 -0.422861
2.245410 -0.148710
0.874205 -0.464541
1.956272 -0.557675
0.206776 -0.133841
2.377833 0.220634
2.296334 -0.157359
1.805781 0.693166
1.400152 -0.213179
1.655136 0.113583
1.468450 -0.393929
0.948854 -0.174064
1.600128 -0.843717
0.864095 -0.266734
3.168707 -0.052546
2.107497 -0.171560
1.421020 -0.557920
2.687183 0.155902
-0.711050 -0.324789
1.947378 0.049722
0.997812 -1.017769
2.060356 -0.267284
0.653678 -0.098797
1.610757 0.463805
0.035057 -0.334178
1.328508 -0.071255
1.825481 -0.444040
0.487378 0.107283
1.756352 -0.110730
1.463393 -0.699300
1.768109 -0.426355
0.900710 -0.399352
0.986708 -0.742512
0.623652 -0.720516
1.292280 -0.718268
1.912989 -0.570654
2.054798 0.129843
1.777930 -0.185197
0.071039 -0.590439
1.093110 -0.014871
0.065750 0.220097
-0.683910 -0.150215
0.589401 -0.318682
2.173324 0.155897
1.622565 -0.680858
1.756829 -0.290081
0.396026 -0.847811
2.586361 0.504242
-0.115132 -0.356609
0.501877 -0.654153
1.431044 -0.746895
0.645041 -0.441952
1.837774 -0.624097
1.868707 -0.494211
0.750528 0.333448
1.755806 -0.624375
0.470065 0.048009
2.822227 -0.529084
1.964502 -0.482459
0.062087 -0.527792
0.306118 -0.473858
0.994455 -0.447437
0.688362 -0.104806
1.141428 0.099825
1.385814 -0.209916
0.992580 -0.676958
0.286869 -0.168132
2.277585 -0.066712
1.385881 -0.031628
1.116588 -0.570998
0.976705 -0.222012
2.050987 -0.405749
1.166649 -0.192917
0.778342 0.044932
0.185077 -0.212979
2.399604 -0.177173
2.182790 0.333521
2.057727 -0.029951
1.671725 0.159560
1.358871 -0.339499
1.324378 -0.209881
0.827215 0.066012
1.661538 -0.447949
1.875019 -0.568069
1.316361 -0.418369
0.970572 -0.139848
0.494893 -0.116241
0.326586 -0.496908
0.010481 -0.359648
0.848046 -0.208853
0.667703 -0.635238
1.365547 -0.112249
1.120320 -0.413367
0.732116 -0.418744
0.455304 -0.646813
0.374524 -0.062407
1.960100 -0.391736
2.585380 -0.670316
2.784338 -0.662193
2.044684 -0.089642
-0.019429 -0.401302
1.340727 -0.272403
0.906304 -0.367797
0.735692 -0.329263
0.507378 -0.209762
2.516562 -0.059479
0.652253 0.037992
1.884515 -0.314203
1.927129 -0.530690
1.377058 -0.008829
3.856342 -0.286004
0.673282 -0.236008
2.099197 -0.175468
1.312774 -0.499306
2.252917 -0.160256
0.570105 -0.383652
1.772795 -0.415466
2.461112 0.055202
0.333732 -0.315993
0.879447 0.044908
2.352973 -0.254850
0.596215 0.276517
1.678470 -0.131384
2.693868 -0.282559
2.737317 -0.332905
1.438884 -0.302062
1.324021 -0.437086
-0.242857 -0.329732
0.343124 -0.228860
2.067586 -0.515101
1.492305 -0.113143
1.244451 -0.892900
1.401798 -0.934884
0.879079 -0.394522
2.368852 0.017475
0.469254 -0.473586
0.421839 -0.567362
1.468243 -0.214338
0.574614 0.267895
0.206626 -0.467516
0.198516 -0.281228
1.394233 -0.560985
1.151827 -0.170311
1.673801 0.091686
1.001275 -0.411537
2.210351 -0.501008
0.429511 -0.319808
2.047650 -0.346666
0.620208 -0.238434
1.605602 -0.159632
0.722601 -0.207207
2.158582 -0.623837
1.845835 -0.248982
1.426030 -0.776531
-0.656787 -0.138925
1.039340 -0.661570
1.279817 -0.541490
2.187957 -0.430666
0.789833 -0.088895
1.637976 -0.761705
0.225613 -0.737659
2.171677 -0.722978
2.018788 -0.059572
0.727866 -0.064873
1.526488 0.076184
1.184138 -0.582825
1.313564 -0.603035
1.702428 -0.094356
0.490809 -0.687705
0.439484 -0.482488
1.414174 -0.269740
2.704896 -0.076417
1.066815 -0.068762
3.129490 -0.242580
0.361093 -0.018310
0.657134 -0.133281
1.105901 0.164997
2.599353 -0.234164
1.312929 -0.427094
1.760383 -0.242578
3.051553 0.138689
1.021376 -0.435974
2.959150 -0.863666
0.733122 -0.646135
1.788942 -0.342092
2.927408 -0.954195
2.112180 -0.317060
0.211847 -0.380999
2.476881 -0.445834
1.040888 -0.142795
2.152567 -0.083486
1.309879 -0.758549
1.208502 -0.020602
0.461568 0.137954
0.075767 -0.429766
1.773543 -0.429375
0.202487 -0.230179
2.002346 -0.559650
1.708361 -0.136813
1.711050 -0.770108
0.357218 -0.487286
2.737769 -0.760586
1.996773 -0.486467
0.910410 -0.312038
0.513750 -0.394001
1.255149 -0.665159
1.350035 0.001199
2.232569 -0.006178
1.439998 -0.216329
2.406049 0.132205
-0.603377 -0.073643
0.904169 -0.167206
2.744148 -0.783712
0.585514 -0.706237
1.612210 -0.135158
2.442167 -0.141430
2.680800 -0.345564
1.714076 -0.050099
1.178191 -0.358533
1.126421 -0.375967
0.917964 -0.153510
0.411595 -0.231339
2.609239 0.283988
2.021583 -0.341439
1.359276 -0.307483
1.421335 -0.510571
1.024907 0.255437
0.651582 -0.487118
0.925272 -0.559576
1.430869 -0.186531
-0.051839 -0.275993
1.746747 -0.606469
1.929526 -0.325641
0.484280 0.039072
1.349228 -0.027770
1.340235 0.068857
0.388495 -0.193494
1.975071 0.019461
1.120894 -0.330191
3.796589 -0.217014
0.691899 -0.391699
1.143985 -0.255499
2.129738 -0.027021
0.748714 0.008688
2.891685 0.338064
1.897253 -0.241341
2.013853 -0.635215
1.623050 -0.302682
0.377387 -0.544554
2.368974 -0.603588
2.578072 -0.230556
1.262838 -0.193732
2.109635 -0.665239
2.437515 0.003458
1.628970 -0.053713
1.319460 0.073247
1.949143 -0.550181
0.966557 -0.331334
0.943667 -0.468431
1.210844 -0.211823
0.662875 -0.045876
2.342197 -0.534961
1.169595 -0.070663
0.030078 -0.659429
2.387267 -0.807758
0.414340 -0.353801
1.263209 -0.531919
1.745884 -0.052031
1.854111 0.024185
1.182800 -0.440896
0.812047 -0.457936
1.204872 -0.203581
-0.112986 -0.285006
-0.644898 -0.553143
1.898217 -0.924069
2.263292 -0.397421
2.157484 -0.202818
1.362295 -0.312870
1.027731 -0.784635
1.172379 -0.077986
1.053472 -0.186277
1.252370 -0.143552
0.187676 -0.202871
1.475339 -0.573011
1.173660 0.630295
0.342143 -0.383469
0.006947 -0.326313
1.625063 0.010215
0.565339 -0.276880
2.221034 -0.225913
2.325192 -0.508799
2.768676 -0.240078
3.179470 -0.317172
2.438878 -0.693563
2.118844 -0.813770
-0.730277 -0.093643
1.771493 -0.684288
0.331251 0.172103
1.731694 -0.681817
0.616523 0.120603
0.584902 -0.307417
1.465321 -0.608416
0.774663 -0.492816
0.214831 -0.094459
1.910968 -0.375891
0.036083 -0.410030
0.830165 -0.164566
0.532075 0.140715
-0.160985 -0.476410
1.790790 -0.486520
1.399337 -0.610781
-0.323523 -0.279606
1.700195 -0.221463
0.803028 -0.250104
1.538611 -0.671805
-0.157638 -0.047582
-0.256786 -0.274267
0.829670 0.135755
1.597251 -0.758860
1.010670 -0.172835
1.167861 -0.226449
0.367260 -0.228600
1.756868 -0.184175
-0.124335 0.034713
2.240600 -0.171881
1.179262 -0.271261
1.335421 -0.444457
1.538734 0.242635
0.689163 -0.495520
0.959405 -0.092836
1.996790 -0.152332
1.381877 -0.486613
1.821796 0.491547
-0.196591 -0.293992
0.275407 -0.225173
1.363861 -0.263050
1.726590 -0.564821
2.379572 -0.076164
1.306634 0.273721
-1.037695 -0.599555
-0.096851 -0.182899
0.952653 -0.099954
1.663536 -0.492863
0.336262 -0.070784
1.929251 -0.038581
1.934936 0.078554
1.797598 -0.513137
2.253901 0.085022
2.023131 0.180158
1.410773 -0.182615
1.224755 -0.112081
1.131513 -0.815256
1.296650 -0.588568
0.669050 -0.894374
1.066214 -0.404568
2.105900 -0.151699
1.987269 0.015508
0.337736 -0.386469
1.632705 -0.009308
0.357045 -0.196338
3.030529 -0.429858
1.628447 -0.310468
2.980056 -0.783007
1.756246 -0.531261
1.003536 -0.047833
1.653433 0.378102
0.952263 -0.264518
3.478848 -0.254173
1.129888 -0.419156
0.371054 -0.801799
-0.082122 0.061053
1.502246 -0.436510
1.588979 -0.611567
1.499677 -0.453012
1.450771 -0.336641
3.877368 -0.336817
0.898731 -0.348261
-0.063049 -0.860879
2.031525 -0.011952
0.887470 -0.299872
3.022999 -0.660124
2.670254 -0.234433
2.355000 0.001982
1.944465 -0.134433
0.908062 -0.271402
0.976543 -0.135488
0.647599 0.144294
1.852915 -0.418260
0.751018 -0.243081
2.530734 0.042895
1.544225 -0.508194
1.916184 -0.292572
1.918984 -0.105260
3.185358 -0.496446
2.130169 -0.255927
1.333746 -0.367333
2.065187 -0.339386
1.306793 -0.102341
-0.772938 -0.117849
1.907689 -0.179134
0.025338 -0.435016
2.710652 0.123075
0.957133 -0.010118
0.805857 -0.870017
2.968793 -0.334086
1.374857 -0.674538
1.472183 -0.413127
1.685532 -0.853535
1.536754 -0.438943
1.296397 -0.543835
1.820875 0.122136
1.215036 -0.620767
1.462366 -0.141648
1.344202 -0.618448
3.376404 0.056934
1.909167 0.328661
1.758651 -0.749507
0.250993 -0.288644
-0.190495 -0.244991
0.398736 -0.288451
0.960301 -0.830103
0.346566 -0.251076
2.552882 -0.346080
1.570412 0.044101
1.737837 -0.458267
1.386881 -0.404533
2.256133 -0.582267
2.585942 -1.046940
1.848214 -0.501861
1.913436 -0.696600
0.829522 -0.512877
1.737284 -0.388222
3.183431 -0.175151
0.720514 -0.588915
1.249184 -0.031501
0.488468 -0.094684
1.333132 -0.165404
0.439438 -0.682043
-0.817921 -0.469133
0.837397 -0.356621
1.177790 -0.493244
0.837300 -0.720365
1.307974 -0.558210
1.939959 -0.160396
2.243033 -0.482370
0.967562 -0.222484
0.036574 -0.366865
1.362430 0.063259
0.582266 -0.282990
1.954683 -0.273646
0.712508 0.083377
1.306678 -0.416858
1.645871 -0.374184
0.015175 -0.285459
0.204142 -0.482787
2.468126 0.128439
0.499429 -0.739185
-0.152546 -0.515701
0.794408 -0.049368
0.989365 -0.475479
-0.423098 0.210808
2.009071 -0.527651
1.620263 -1.190951
-0.743029 -0.284961
1.888838 0.035617
1.487060 -0.222783
0.988957 -0.117208
1.533542 -0.241165
2.020812 -0.261853
1.449053 -0.881407
1.772734 -0.797272
1.194567 -0.373249
3.708769 -0.940197
0.304846 -0.363340
2.840505 -0.041034
1.473289 -0.105721
1.317015 -0.109539
2.552517 0.045545
0.250295 0.052344
1.409635 0.234854
2.206817 0.210592
2.045297 -0.314549
2.030297 -0.585287
1.915009 -0.239715
0.622077 -0.388571
1.037083 -0.331860
0.554316 -0.207162
3.138707 0.226492
0.634951 -0.607429
-0.498591 -0.502686
1.284632 -0.487053
1.287347 -0.383535
0.829244 -0.896434
0.291339 -0.089703
2.812916 -0.304254
1.715964 -0.064554
2.365161 -0.132090
2.443229 0.032875
1.052319 -0.566093
1.981304 -0.184623
0.948831 -0.133109
2.307306 -0.265554
1.749987 -1.002063
0.983943 -0.231560
1.371139 -0.597570
1.575658 -0.638723
2.091669 -0.536884
1.304818 -0.031490
0.729959 -0.344568
2.039878 -0.182651
1.896449 -0.104664
0.571188 -0.416207
0.530960 -0.050401
1.019420 0.377232
0.649719 -0.311227
0.319262 -0.511042
1.718312 -0.086061
1.636107 -0.001345
1.257196 -0.500918
2.714335 -0.342073
-0.025598 -0.823812
1.155401 -0.329778
2.215112 -0.495419
1.967566 -0.146939
1.020752 0.098699
3.516970 -0.457475
1.649864 0.234044
0.218599 -0.608154
1.036267 0.160963
0.865615 -0.494929
0.485570 0.019122
1.360316 0.142764
3.053169 -0.298869
1.130334 -0.489576
1.402565 -0.114579
1.493241 -0.165111
1.917839 -0.461459
1.927426 -0.392957
1.280824 -0.386815
2.501531 -0.609898
0.658317 -0.248190
1.300360 -0.111610
2.369571 0.093188
2.571509 -0.646791
0.382567 -0.818405
-0.480599 -0.785316
0.435395 -0.523140
1.902503 -0.700342
0.792648 0.081242
3.341837 -0.696216
2.673813 -0.695962
3.136995 -0.004984
2.608034 -0.139243
1.726559 0.203404
0.521791 -0.349567
1.416315 -0.755586
0.902152 -0.468383
2.040233 -0.304192
1.515735 -0.470144
1.783290 0.072009
2.028391 -0.053652
1.999746 -0.416399
3.460812 -1.041852
2.381386 -0.010945
0.431381 -0.406027
2.875719 -0.538762
2.173991 0.026070
2.179746 -0.142955
2.325885 -0.082317
1.318004 -0.080719
0.544074 -0.454628
1.459603 -0.580202
0.920990 -0.596299
0.740907 0.064296
2.620812 -0.657273
1.317260 0.164983
1.088024 -0.595237
0.635884 -0.300697
0.358598 0.162448
2.406358 0.179825
1.366806 -0.407440
1.018474 -0.376887
-1.049020 -0.246549
0.774881 0.071124
0.357522 -0.248503
0.841015 -0.530163
2.955847 -0.487824
0.996191 -0.335527
1.272088 -0.349299
2.037650 -0.243320
1.057803 -0.087246
0.245997 -0.274891
0.521205 -0.249284
1.534824 -0.171917
-0.015929 -0.323810
1.377416 -0.223407
-0.194109 -0.569974
1.229527 -0.011397
1.383489 -0.819738
1.669342 -0.730610
2.669450 -0.057997
2.262468 0.081616
-0.075988 0.040598
2.885193 -0.492791
0.965483 -0.380208
1.166869 -0.358437
2.404887 -0.579621
2.488660 -0.664880
1.208826 0.029431
2.786696 -0.195700
0.170233 -0.312915
1.687564 -0.343374
1.239608 -0.653076
0.884033 -0.296237
-0.227290 -0.112766
1.535480 -0.120240
0.710019 0.003124
2.632479 -0.325282
1.191974 -0.343349
2.342887 -0.315648
0.691501 0.068969
0.105137 -0.382254
2.137935 -0.146117
1.806306 -0.086835
1.189464 0.036760
1.285244 -0.746174
0.681204 -0.573397
0.905175 -0.572230
1.741513 -0.445630
0.310156 0.361171
0.862256 0.202976
1.974769 0.087498
1.203664 -0.348010
1.793143 -0.086503
1.257947 -0.222892
3.121061 -0.509652
1.188706 -0.310903
1.300302 -0.183190
1.312444 -0.339269
3.774788 -0.783035
1.620968 -0.185799
1.827162 -0.158163
1.547227 -0.139450
1.612259 -0.082887
1.139518 -0.323826
0.347622 -0.089334
2.252189 -0.451634
1.278500 -0.254931
1.851382 -0.990642
0.721450 -0.436749
1.231053 0.075809
2.371875 0.013441
2.861287 -0.472350
1.774673 0.470502
2.293375 -0.363434
0.184976 -0.264445
-0.309656 -0.047221
0.523217 -0.270170
0.788288 -0.382972
1.547077 -0.620628
1.975153 -0.330273
1.514117 -0.687322
1.691230 0.117193
0.996103 -0.588885
1.536538 -0.426778
1.562906 -0.498422
2.596181 -0.423141
2.957628 -0.045777
1.524390 0.043524
0.701488 -0.641329
1.158829 -0.077898
1.885418 -0.547264
1.450419 -0.279522
4.152509 0.030826
2.417308 -0.394101
-0.344089 -0.361743
0.654314 0.198378
0.441962 0.179282
1.835154 -0.393836
1.858349 -0.287866
-0.031937 -0.432868
0.972931 -0.435431
1.672513 -0.520597
1.222850 -0.137743
-0.292597 -0.315976
1.849875 -0.334923
0.854075 -0.577594
1.550130 -0.470136
1.514327 0.167573
1.684830 0.035735
0.145062 -0.270059
2.282715 -0.428600
2.482769 -0.310695
2.411603 0.035655
2.277279 0.115454
0.814300 -0.454053
2.083627 -0.308567
0.442094 -0.280256
2.347453 -0.070367
-0.048266 -0.315011
2.898182 -0.621359
0.808290 0.053351
1.456171 -0.179152
1.634577 -0.360195
1.141248 -0.357966
1.817901 0.303106
-0.042749 -0.702273
0.468308 -0.117790
0.886423 -0.470696
2.795846 -0.612620
1.634823 0.313074
3.840653 -0.372185
1.554045 0.176693
2.280866 -0.086256
1.285677 -0.391350
1.682391 -0.404254
1.155978 -0.189095
2.965973 -0.738310
2.822177 -0.044705
1.137842 -0.877524
2.020217 -0.155453
1.770297 -0.391002
1.498511 -0.908585
2.321947 -0.076102
0.938034 -0.216323
0.675643 -0.535592
2.144463 -0.228179
0.182860 -0.681203
2.368692 -0.413879
1.762352 -0.532327
1.118134 0.008077
2.412262 -0.131104
1.655342 -0.612918
2.817050 -0.023736
0.573838 -0.493178
0.376580 -0.200324
0.107074 -0.699209
1.377227 -0.086692
1.184434 -0.570872
1.626355 -0.586567
0.030298 -0.322123
0.170944 -1.119925
2.103243 0.036643
1.868095 -0.220380
2.482182 -0.556339
0.871552 -0.435617
0.122331 -0.090041
1.725620 -0.391153
2.722351 -0.151121
0.452871 -0.176659
2.231779 0.173611
1.758604 0.288176
0.784126 -0.440505
1.719462 -1.046403
3.029424 -0.329930
-0.736201 -0.491680
0.529946 -0.252780
2.970941 -0.754468
2.705558 -0.599533
4.204537 -1.160221
1.308607 0.195563
1.754031 -0.183260
3.088072 -0.717652
0.417584 0.162930
1.440691 -0.275321
1.812748 0.213721
1.450801 -0.184405
0.588423 -0.329994
1.919994 -0.439079
3.093470 0.383184
2.530823 -0.530360
1.714373 -0.211862
0.524519 0.166912
0.067098 -0.532828
1.512763 -0.519714
2.048549 -0.370555
1.757271 -0.645315
0.319914 -0.595263
1.939400 -0.221824
0.440137 0.227237
0.291290 -0.387042
0.257224 -0.411133
0.515028 -0.808356
0.249585 -0.667758
0.026197 -0.535842
0.568961 -0.291312
1.164310 -0.063436
1.202691 -0.141019
0.280628 -0.321758
1.208380 0.088148
2.648170 -0.359924
1.919885 -0.185219
0.511674 0.148263
0.955289 0.499719
0.718401 -0.337827
0.182203 -0.245614
2.010827 -0.417930
2.946219 -0.525640
1.855721 -0.570140
2.202921 0.204490
-0.140221 -0.137215
2.112181 -0.631316
1.382059 -0.608301
2.477958 -0.472699
2.547380 -0.470566
2.182021 -0.194517
1.187175 -0.367213
1.999838 -0.812584
0.512137 -0.208822
2.352024 -0.270882
1.654306 0.165897
2.492953 -0.519162
1.062115 -0.037242
1.864695 0.090641
2.538926 -0.151758
1.704844 -0.059178
3.362580 -0.639190
-0.019709 0.138566
2.016961 -0.853058
1.416430 -0.386943
1.618805 -0.088628
1.601933 -0.646846
1.427469 -0.758464
0.359711 -0.227703
1.123981 -0.581888
1.167215 -0.151481
1.663234 -0.104783
3.343748 -0.140386
1.417284 -1.199216
2.031486 -0.526966
1.290344 -0.320261
1.686535 0.218219
2.051714 -0.532400
0.161384 -0.437141
-0.675817 -0.608475
0.632291 -0.097270
-0.301161 -0.014868
1.785795 0.009644
0.833896 -0.293390
1.690300 -0.516524
2.558832 -0.569066
0.496206 0.321456
0.946419 0.036657
1.668554 0.074263
1.640618 -0.439884
1.467044 -0.385299
1.351692 -0.410549
1.638793 -0.435533
0.918840 -0.632949
2.549555 -0.284443
0.606675 0.086149
1.265112 -0.020485
0.877238 -0.189399
2.196603 -0.481456
3.080524 -1.289394
3.340956 -0.207738
1.440776 -0.188231
0.704155 0.006435
-0.362663 -0.499315
0.830159 -0.585239
0.577894 -0.461937
0.553045 0.585965
3.320644 -0.392145
2.634196 -0.246196
1.321914 -0.776674
-0.125822 -0.388722
0.401732 -0.397819
-0.208990 -0.457297
0.605983 -0.293066
0.777809 -0.359910
1.596675 0.166712
0.857620 0.403686
0.269987 0.028098
1.513276 -0.282190
0.178080 -0.756398
1.255378 -0.401171
1.446595 -0.145144
0.360589 -0.472514
0.967526 -0.116498
0.809713 0.152813
1.258511 -0.429059
1.293844 -0.630044
2.386401 -0.523931
1.341599 -1.472931
1.904840 -0.263748
1.945200 -0.738686
1.160726 -0.028849
1.941058 -0.812053
0.267996 -0.028433
3.612303 -0.100193
1.998733 -0.416117
1.297074 0.341196
0.170038 -0.345179
0.575631 -0.995649
1.003448 -0.501950
0.178813 -0.209413
0.859089 -0.361601
2.282150 0.027455
2.641834 -0.514642
0.803150 -0.282302
2.409631 -0.030267
-0.349300 -0.589466
1.132132 -1.010556
2.005698 -0.837449
2.575862 -0.517546
-0.461440 -0.059307
0.684569 -0.149434
2.620168 -0.054054
1.905534 -0.583364
1.950737 -0.165379
0.242111 0.069100
1.245696 -0.046593
1.740489 0.144897
0.965580 -0.681591
0.705877 -0.512318
0.356363 -0.027846
1.580417 -0.530181
2.082183 0.075577
0.030035 0.000250
1.975713 -0.733930
2.054268 -0.563814
0.454139 -0.737405
0.716401 -0.484988
1.499040 -0.145909
2.834545 -0.411359
0.501949 -0.332013
2.121998 -0.334550
0.302251 -0.334801
1.185124 -0.319395
2.003935 -0.770811
1.629405 -0.748332
1.861170 -0.473396
0.960874 -0.373975
1.336296 -0.567280
1.070286 0.022893
-0.332963 -0.206357
0.537748 -0.089857
1.775619 -0.074538
1.162277 -0.596736
2.648528 -0.383598
3.232596 -0.790587
1.191394 -0.056193
1.821060 -0.133779
2.369464 -0.182014
1.969618 -0.238102
0.770015 0.056917
1.313615 -0.286874
2.724897 -0.537307
-1.179697 0.222695
0.411269 -0.151886
2.773584 -0.145794
1.828193 0.070027
0.664688 -0.118153
0.497359 -0.118188
3.274828 0.083853
-0.844736 -0.845865
1.560888 -0.786587
-0.661736 -0.151522
1.913521 -0.586006
0.805006 -0.113631
1.505019 0.139739
1.410996 -0.107555
1.900635 -0.174265
1.269177 -0.555227
1.491668 -0.060531
2.888209 -0.518897
1.674427 -0.809479
1.982894 0.024956
0.633066 -0.464488
0.641191 -0.182757
0.736598 -0.808945
1.025396 -0.618543
1.586627 0.206935
0.936466 -0.385225
0.928455 -0.615961
0.002147 -0.181338
3.141113 0.248908
1.074490 -0.038219
1.222460 -0.771151
1.129440 -0.089977
1.055598 -0.434284
2.016601 -0.760636
0.186957 -0.617944
2.408964 -0.080564
2.930143 -0.181921
1.820702 -0.370869
1.496975 -0.476598
1.648286 -0.630404
1.623088 0.210374
1.688044 -0.157405
1.151069 -0.266526
1.297647 -0.136193
2.510231 -0.120959
1.507542 0.107999
1.916065 -0.531812
1.499328 -0.052503
2.771878 -0.478692
0.737513 -0.661010
-0.067152 0.235475
1.501153 -0.176358
2.561669 -0.701280
2.099837 -0.313874
2.327873 0.087341
2.254293 -0.259020
-0.496679 -0.153754
2.062324 -0.228517
-0.680955 0.015897
3.136237 0.051725
0.111684 -0.526018
1.339720 -0.676917
0.199085 -0.498012
1.683355 -0.404715
1.307103 -0.694865
1.929375 -0.207125
1.493847 -0.384004
0.503375 -0.156846
0.962342 -0.309470
1.678336 -0.345385
0.705496 -0.229187
0.988515 0.187742
1.656653 -0.531247
0.548869 -0.370272
3.923305 -0.018089
0.964234 -0.048358
2.194609 0.132242
0.922288 -0.316076
1.131741 0.009719
1.624350 -0.479745
1.914441 -0.631880
1.401723 -0.794496
1.231960 -0.888244
2.095052 -0.217736
2.103523 0.223615
1.678199 -0.310784
1.556038 -0.172260
2.303914 -0.457276
2.701792 -0.831586
0.303116 -0.376878
1.761739 -0.616758
1.624339 -0.578216
1.374096 -0.276473
0.515409 -0.345667
2.196717 -0.535229
3.336467 -0.517891
2.334997 -0.694385
2.185827 -0.342013
2.182965 -0.860332
2.002010 -0.311070
0.990284 -0.412447
0.857519 0.070846
1.380535 0.216417
1.814630 -0.926709
2.742083 0.104871
1.448142 -0.815900
1.995889 -0.811839
1.518352 0.350780
1.399243 -0.225504
1.034357 0.568203
1.707632 -0.332533
1.027437 -0.328560
1.639075 -0.383789
0.450770 -0.089579
0.972389 -0.449733
0.352190 0.017881
0.564857 -0.409358
1.258987 -0.500620
1.699168 -0.145351
2.237609 -0.718474
0.433693 -0.728165
3.186323 -0.372846
3.404863 0.139583
2.006531 -0.065833
2.333846 -0.380368
0.715665 -0.531260
0.410158 -0.658425
0.868090 -0.257813
1.784965 0.194337
1.755541 -0.420597
1.243155 -0.593848
1.574533 -0.757782
1.252194 -0.670043
1.630838 -0.502997
0.971895 0.596811
1.754062 0.394645
2.140735 -0.048153
2.555340 -0.132111
1.472087 0.056518
1.398385 -0.326799
0.852479 0.294359
1.595170 -0.655329
1.273711 -0.664791
0.918392 -0.106345
0.934474 -0.735869
0.320855 -0.245725
2.617378 -0.183927
0.151582 0.174496
1.826839 -0.818740
1.225644 -0.538651
3.067098 -0.255936
2.985172 -0.330948
3.075126 -0.762290
2.661345 -0.314481
1.597378 -0.429318
0.055878 0.266663
1.456736 -0.835518
1.263655 0.441246
1.932193 0.278644
2.183484 -0.634605
0.353830 -0.423137
1.435425 -0.174796
2.242823 0.076316
2.010136 -0.393946
1.136458 -0.305714
1.827996 0.181610
0.851382 -0.295097
0.268891 -0.224798
0.508520 -0.458399
-0.509073 0.083869
0.658312 -0.132102
2.409415 -0.600773
3.601457 -0.606612
-0.075593 -0.181890
0.833224 -0.318795
0.420694 -0.401493
0.383818 0.383009
2.275190 -0.015569
1.868868 -0.365169
2.574993 0.279633
1.377559 -0.486492
1.321551 -0.638501
2.428376 -0.619454
1.986526 0.028675
1.951030 -0.779400
1.055482 -0.430824
-0.399996 -0.130954
0.769350 0.037119
0.696763 -0.124027
2.249901 -0.034364
0.850290 -0.084606
2.499993 0.113269
1.825082 -0.905522
1.180508 -0.358958
1.482207 -0.287928
0.599704 0.086674
1.933725 -0.177055
1.361686 -0.148190
-0.293392 -0.412330
0.439766 -1.118845
2.243584 -0.528818
2.286233 0.176410
0.947763 -0.586582
0.738777 -0.423723
-0.637250 -0.111226
0.856912 -0.478553
2.471704 -0.452608
1.726112 -0.400887
1.290029 -0.086823
2.132035 -0.203190
1.804391 -0.246575
3.302490 -0.103995
2.265379 -0.150624
0.891603 -0.597019
1.171262 0.662111
1.406772 -0.278068
1.635660 -0.792586
0.349209 -0.650236
2.290101 -0.593149
1.031154 -0.386388
2.268270 -0.078723
1.535622 -0.550204
0.271252 -0.748643
1.956707 -0.672745
1.306205 -0.362215
2.209251 -0.261435
2.461056 -0.565463
3.039031 -0.272444
-0.063747 -0.435084
0.145725 -0.810014
2.147064 -0.077613
0.379010 -0.231783
0.901377 0.042983
-0.582023 -0.150673
-0.809066 -0.321329
0.238487 -0.759943
0.814558 -1.036290
1.665842 -0.636627
0.546237 -0.536472
2.771229 -0.111158
2.229134 -0.550247
1.082098 -0.276388
1.019689 -0.524441
1.714270 -0.738105
-0.084868 -0.529801
2.910845 -0.302352
3.261827 -0.355270
-0.805379 -0.667772
0.539555 -0.480272
0.019115 -0.543062
1.170931 -0.906585
2.971235 0.138697
1.795773 0.198374
0.847273 0.193788
-0.000859 -0.987553
1.080100 -0.276381
0.722547 -0.596989
-0.291169 -0.491170
3.420562 -0.131395
2.913865 -0.281538
1.488530 0.067288
1.225891 -0.060507
1.374243 -0.157706
1.759861 -0.432119
0.930436 -0.002403
2.444762 -0.630697
-0.113112 -0.171476
2.112528 0.056420
0.677737 -0.324313
0.062245 -0.349710
1.385548 -0.283029
0.061018 0.005461
0.928523 -0.427754
0.931035 -0.385420
1.394988 -0.130258
1.164843 -0.210123
2.512414 -0.386222
1.233646 -0.411194
1.283877 -0.551729
0.352015 0.335092
1.340819 -0.063162
1.989033 0.210164
1.030345 -0.553541
1.328607 -0.791026
1.074913 -0.333168
0.827498 -0.518099
1.831927 -0.270936
1.624548 0.075559
0.527417 -0.810774
2.123320 -0.092032
-0.243279 -0.078878
1.689226 0.209147
-0.115890 0.204299
1.087389 -0.718952
1.235586 -0.038755
1.716257 0.197611
1.059116 -0.448952
3.622681 0.472564
1.888287 -0.338432
0.828366 -0.644795
0.772057 -0.149386
1.337076 -0.325237
2.009934 -0.519596
0.847535 -0.723194
1.367260 -0.381054
0.748981 -0.137264
1.759963 -0.044962
2.190784 0.261441
2.094682 -0.242274
0.857195 -0.322768
0.803847 -0.810132
0.756319 -0.026861
1.928956 0.124489
2.531641 -0.340252
1.819388 -0.089300
2.808931 -0.451506
1.028235 0.254718
1.930905 -0.204585
1.884054 -0.471101
1.815320 -0.577106
0.997362 -0.549656
2.920717 -0.462427
1.593572 -0.382455
1.404049 -0.686665
2.955795 -0.524048
1.026934 -0.270307
1.266215 -0.338070
-0.768247 -0.628072
2.169066 -0.152633
1.181370 0.114684
0.530491 -0.321221
1.881377 -0.497123
2.829794 -0.244585
0.576189 -0.094708
1.267380 -0.597574
3.196203 -0.513562
1.410319 0.120795
0.437097 -0.404326
-0.236280 -0.543935
2.285121 0.228113
0.708568 -0.361498
1.564170 0.044156
1.544412 -0.925728
0.159557 -0.629814
0.259418 -0.226997
0.890405 -0.335921
2.032183 -0.339368
0.731183 -0.487732
1.870893 -0.561643
1.740003 0.059625
1.207796 0.182334
0.200933 -0.202063
0.837718 -0.489492
0.830303 -0.881918
1.635961 -1.235263
3.308918 0.414024
3.120134 -0.080801
0.890754 0.024242
1.157780 -0.724198
2.209099 -0.591602
2.132218 -0.017187
2.331557 0.269023
2.113952 0.063340
2.586606 -0.089341
0.548089 -0.848506
0.608725 0.294434
0.891947 0.203562
2.137540 -0.112215
0.466230 -0.315452
1.152290 0.126560
1.510554 -0.577089
0.596108 -1.069556
2.056674 -0.044893
1.944830 0.084451
1.885465 -0.927272
2.532801 -0.294292
2.186750 -0.448753
2.857310 -1.193006
3.461417 -0.883279
2.254772 -0.028230
1.551090 0.067309
0.855171 -0.237141
1.622843 -0.462908
1.153237 -0.115419
2.488373 -0.205073
-0.735728 -0.162645
1.630756 -0.236837
1.765780 -0.610844
0.401417 -0.645001
2.938332 -0.319904
0.864471 -1.017428
0.331639 -0.155192
2.012099 -0.160042
1.792268 -0.156095
1.715646 -0.266593
1.039133 -0.514345
1.156137 -0.055551
2.855107 -0.121108
2.877753 -0.188286
2.349178 -1.137809
0.549482 -0.604759
1.693926 -0.546712
0.609131 -0.718083
1.762513 -0.095118
2.914247 0.135548
1.486238 -0.256267
1.421879 -0.278908
0.103276 -0.375277
1.595676 -0.094939
1.176345 -0.079691
1.009040 -0.411269
1.536198 -0.064498
1.507497 -0.241929
2.437045 -0.378088
0.312889 -0.205873
1.258078 -0.118884
-0.036363 -0.298303
0.323136 -0.424273
2.124399 -0.418168
0.625552 -0.344453
2.678428 -0.409623
1.931114 0.146995
1.014675 0.141232
2.962647 -0.654598
