1.961581 0.470561
1.390011 -0.461328
1.311431 -0.300204
1.115036 -0.324679
1.437256 -0.806337
1.178624 -0.017703
-0.441206 0.041934
2.676023 0.328956
1.528357 -0.505742
2.500196 -0.847405
2.242455 -0.681876
1.594496 -0.533576
2.911928 0.151567
2.721857 0.074824
2.166980 -0.550393
1.379866 0.264708
2.340018 -0.646433
1.344336 -0.370393
1.037339 -0.204161
1.231537 -0.223691
0.210521 -0.431580
0.049801 -0.367643
-0.022557 0.073740
1.708519 -0.204160
2.002370 -0.818743
1.661357 0.335638
0.098205 -0.463933
2.865004 -0.549448
1.719276 -0.628591
1.476670 0.308785
1.330182 -0.656495
-0.179983 -0.032024
2.221912 -0.102466
1.903009 -0.614445
0.938565 -0.334711
1.470320 -0.718291
0.853305 -0.470926
2.052733 -1.130052
2.687869 -0.037020
1.510122 -0.997970
1.766497 -0.167769
1.490685 -0.432529
1.319401 -0.380560
3.920880 0.189139
1.937222 0.091845
1.567223 -0.105723
1.949248 -0.256300
0.630606 0.071085
1.103459 -0.781513
2.477462 -0.315665
2.232709 -0.453948
-0.143694 -0.601629
2.524728 -0.500767
1.036744 -1.046325
1.142959 -0.509842
2.504719 -0.268176
0.868969 -0.287667
0.959254 -0.150274
1.137719 -0.466937
1.786342 -0.510579
3.623969 -0.614643
0.435610 -0.453557
0.574357 -0.778195
2.203102 -0.189350
1.553982 -0.103736
0.901752 -0.434892
0.090576 -0.697229
2.070863 -0.062620
2.914388 -0.163787
1.046905 0.124419
1.413567 -0.772380
2.145584 -0.026621
1.596942 -0.020460
1.653542 -0.076667
1.353019 -0.341568
1.543100 -0.023916
2.158098 -0.397129
2.969432 -0.342124
1.270751 -0.250836
1.409720 0.061113
-0.045210 0.269134
1.570947 0.607463
2.488515 -0.266930
1.065847 -0.141687
0.437947 -0.068396
1.582719 -0.483462
2.106721 -0.396862
1.931791 -0.225079
3.031283 -0.513902
2.418513 -0.128285
2.321574 -0.465725
0.664262 -0.407119
0.566972 -0.254434
-0.148801 -0.347416
1.615537 -0.469124
2.206217 0.170249
1.564888 -0.130522
1.477203 -0.106555
0.800332 -0.104922
2.808094 -0.015192
2.496145 -0.455618
1.213847 0.145161
1.950326 -0.067758
0.831607 0.265361
-0.078331 -0.651405
1.729133 -0.032578
1.624865 -0.683811
1.050710 0.153988
1.647235 -0.254786
1.901133 -0.277533
1.785290 -0.860885
2.979302 0.007660
1.669114 -0.138458
0.598920 -0.452222
0.654127 -0.485115
1.283401 -0.991558
1.920043 -0.415701
1.836540 -0.573234
1.733984 -0.446651
0.856776 -1.103314
1.354304 0.657854
1.696909 -0.043219
1.014667 -0.717892
0.665548 -0.049858
1.217165 -0.646360
0.344414 -0.264681
1.395978 -0.555886
1.076182 -1.084902
1.097841 -0.596712
-0.700934 0.034447
1.374233 -0.016231
0.469519 0.037617
0.751752 -0.526347
0.157148 -0.149954
2.550943 -0.347429
1.266242 -0.403643
1.319612 -0.385080
1.164827 -0.446702
0.699370 -0.204466
1.387317 -0.470289
-0.656471 -0.327832
2.489865 -0.511860
-0.298902 -0.230253
1.717066 -0.622631
2.496236 -0.505516
1.246405 0.088634
1.863239 -0.711894
2.064886 -0.783583
0.019590 -0.069567
0.220589 -0.838643
0.374995 -0.848992
1.235540 -0.014617
1.391298 -0.007273
1.309343 -0.382561
2.661348 -0.434356
-0.324251 -0.720766
0.909469 -0.187025
1.245727 -0.615947
0.615910 -0.041800
1.870510 -0.533601
2.422004 -0.572121
0.529978 -0.533703
0.666614 -0.223136
1.395091 -0.921174
1.837296 0.092968
1.448583 -0.241049
2.235963 -0.316796
-0.964694 -0.058120
-0.342247 -0.159444
0.560387 -0.269145
1.963887 -0.159899
1.280567 -0.554948
1.292619 0.056302
0.725321 -0.509227
1.172418 -0.037502
0.206942 -0.329090
0.758384 -0.021952
2.242403 -0.711629
0.559233 -0.395491
1.164904 0.030395
1.596453 -0.587333
1.344124 -0.264976
-1.768715 -0.230246
0.594948 -0.474789
1.626686 -0.962051
0.829221 -0.562534
0.434333 -0.434387
1.104436 0.063832
2.058467 -0.519118
1.702767 -0.427065
1.147129 -0.342469
-0.676880 -0.430105
1.158699 -0.298307
0.052119 -0.491894
2.358913 -0.025464
1.136513 -0.322029
1.440144 -0.167951
2.283750 -0.463640
2.425657 -0.427617
3.439247 -0.270680
1.523826 -0.495124
-0.387499 -0.031615
1.835909 -0.560936
0.916126 -0.235733
0.128373 -0.050959
1.030863 -0.417351
1.769620 -0.204815
3.523409 -0.261150
2.883032 -0.290185
2.894378 -0.721045
2.782214 -0.106750
-0.786954 -0.021098
1.886125 -0.089571
1.500508 -0.111625
0.971577 -0.324897
0.394008 0.287719
0.691268 0.223802
2.213759 -0.994226
0.457442 0.178968
-0.204018 -0.208771
1.022190 -0.172513
3.776143 -0.140816
0.459814 -0.216278
2.192186 -0.408913
0.497417 -0.593922
2.560402 -0.288793
0.306897 -0.603956
1.506734 -0.400761
-0.449913 -0.306583
2.025758 -0.453472
1.213059 -0.493151
0.583521 0.028726
1.391344 -0.550194
0.661786 -0.277520
3.013181 -0.101478
1.610871 -0.326814
2.149831 -0.019289
0.944537 -0.359884
2.181053 0.055605
0.519764 -0.016791
1.644436 -0.520374
1.505577 -0.399639
2.950064 -0.312186
1.015847 -0.278882
-0.209876 -0.241063
1.111624 -0.101060
2.557649 0.050763
1.728381 -0.586431
1.652973 -0.552523
2.789028 0.237854
0.741267 -0.546900
1.600972 -0.307821
0.831205 -0.366526
3.832276 -0.018199
-0.110035 0.110895
0.256413 -0.260054
2.886678 -0.261879
2.136592 0.047815
1.258964 -0.117981
1.017346 -0.175728
0.752439 -0.411959
1.149627 -0.424387
1.504527 -0.075601
3.094022 0.121927
-1.096315 -0.293783
0.962173 -0.227886
1.834816 -0.833789
0.870290 -0.508297
1.278300 0.148691
1.617824 -0.133814
2.558610 -0.591105
2.392763 -0.909467
0.404096 -0.303713
2.594370 -0.162885
1.717431 -0.394301
1.720334 -0.283316
1.591457 -0.534746
2.207883 0.241304
2.335021 -0.519570
1.186675 0.092702
0.465858 -0.403364
2.377791 -0.916628
0.915441 0.305416
0.634194 -0.451330
0.554559 0.335516
2.402750 -0.610501
0.915115 -0.100608
1.279692 -0.925656
0.576726 -0.180466
3.611793 -0.513329
2.696462 -0.679247
1.109369 -0.749884
2.024170 -0.655452
1.227217 -0.210672
0.936586 -0.604889
1.386256 -0.167177
2.355396 -0.378338
1.904888 -0.688259
0.081639 -0.683461
1.151238 -0.659937
-0.419951 0.050679
1.611357 -0.570723
2.250922 -0.077449
1.455703 -0.733916
2.122272 0.041198
1.069593 -0.605758
2.090543 -0.547663
1.782542 -0.315897
1.441370 -0.391756
1.926090 -0.116718
0.630965 -0.246111
2.516614 -0.115224
0.566444 -0.681602
2.154068 -0.147071
0.738550 -0.833539
1.158519 -0.006086
-0.330394 -0.171135
0.790000 -0.493038
1.453297 -0.114549
1.453680 0.047394
1.194460 -0.533805
1.600936 -0.150595
2.197408 -0.582146
0.610102 -0.356291
1.547264 -0.767310
1.544975 -0.432232
1.011899 0.171331
0.749564 -0.236000
2.880209 -0.260415
0.869027 -0.578643
0.706055 -0.458112
0.270889 0.079879
0.306477 -0.061723
2.227341 0.107375
1.695209 -0.816774
1.954327 -0.419629
0.965718 0.107423
1.822068 0.123627
1.330775 0.002250
-0.478565 -0.196278
2.657889 -0.412898
2.136049 -0.462727
1.521260 -0.982652
1.898617 -0.198716
1.025823 0.022820
1.189338 -0.131442
1.437936 -1.297968
0.338934 -0.684861
1.150643 -0.605604
1.920709 -0.591009
2.082046 -0.318515
0.668515 -0.317218
1.573038 -0.300427
1.755490 -0.542420
0.986136 -0.865957
2.215444 -0.779898
2.744757 -0.130151
1.117281 0.059975
2.160743 -0.297699
1.439546 -0.475522
1.063057 -0.628762
0.439404 -0.335589
0.998721 -0.528486
1.592990 -0.544193
2.912879 -0.620178
2.314907 -0.709922
1.415868 -0.635380
1.388489 0.004508
2.161543 -0.209766
3.147682 -0.597327
1.460655 -0.409653
2.476765 0.427229
-0.680412 -0.170042
1.088879 -0.128446
0.379358 -0.680412
0.216519 -0.381681
1.421865 -0.282554
0.980676 -0.647312
0.903160 -0.432198
-0.070463 -0.073720
0.248403 -0.542472
1.040005 -0.444515
1.136963 -0.097265
2.129142 -0.218411
0.156327 -0.007998
1.885245 -0.234031
1.185757 -0.018338
2.801696 -0.217130
2.276460 -0.131168
0.632879 -0.471437
1.031275 0.000988
1.870198 -0.382431
1.098642 0.216151
2.363151 -0.124109
2.603034 -0.609951
0.672208 -0.110992
1.518520 -0.152703
-0.066107 -0.661842
1.486921 0.122265
3.016778 -0.396909
-0.321899 -0.257559
0.477116 -0.383789
1.817513 -0.427760
0.714542 -0.003402
2.891585 -0.342813
0.327890 0.103922
2.512728 -0.467344
0.968074 -0.328550
1.697146 0.501803
0.562770 -0.233014
-0.066378 -0.384755
1.772080 -0.427215
-0.367031 -0.196589
3.077221 -0.160858
1.235538 -0.506988
1.103692 -0.500300
1.897960 -0.914332
0.477566 -0.292158
1.263229 -0.228172
0.109579 -0.443554
1.374636 -0.072219
1.362895 -0.018033
2.455507 -0.316320
0.246374 -0.361471
0.520720 -0.136379
1.050649 -0.446655
1.699515 -0.225687
2.152817 -0.204519
1.099788 -0.299673
1.073521 -0.505263
1.173497 0.166841
2.548737 -0.365880
2.308584 -0.206212
2.936505 -0.171486
2.498235 -0.365510
1.711914 0.026054
1.131361 -0.320470
2.695567 -0.378259
1.818834 -0.319219
1.505829 -0.253446
0.834316 -0.143701
1.767280 -0.086397
1.686596 -0.320989
2.060666 -0.048692
2.063903 0.015849
1.883314 -0.489210
1.533530 -0.316820
1.479932 -0.384147
1.083461 -0.477616
0.944299 0.152752
2.260257 -0.574653
1.679464 -0.598806
1.887953 -0.092105
2.746253 -0.790246
2.535569 -0.335572
3.064827 -1.373225
1.267389 -0.192282
2.520322 -0.105771
1.220961 -0.765144
1.991310 -0.256356
0.576610 -0.461761
0.896060 -0.279837
1.357547 -0.099987
2.664133 -0.336595
2.243965 -0.133795
0.181848 0.085463
2.658103 -0.265226
2.405120 -0.413355
0.096755 -0.115151
2.498774 0.048780
0.861631 -0.357032
1.327251 -0.595645
1.697880 0.069879
0.944391 -0.565908
0.165326 -0.055885
0.509369 0.071085
1.664262 -0.711218
2.170817 -0.515251
0.930934 -0.224480
0.625080 -0.085355
1.434808 -0.678888
1.148128 0.048106
1.655267 -0.251939
1.174668 -0.901936
1.015690 -0.469784
0.418047 0.110048
0.913813 -0.162514
2.266353 0.025180
0.940320 -0.282335
1.687555 -0.155233
1.340254 -0.479506
1.685517 -0.639889
3.029701 -0.331281
1.397631 0.175073
1.993283 -0.588542
1.792105 -0.411257
2.468214 0.181595
0.661884 -0.677914
2.856540 -0.708957
1.421114 -0.538006
2.165875 -0.618031
1.933998 -0.556180
1.868245 -0.645388
1.527782 -0.324853
0.559647 -0.125587
2.053267 -1.044453
0.612933 0.190718
1.714010 0.246420
0.961701 -0.114744
2.179608 -0.185593
2.084038 -0.271934
2.278496 -0.615815
1.050378 -0.263335
-0.389369 -0.396860
1.667241 -0.429692
1.937329 -1.204278
0.626954 -0.168546
2.320671 -0.263188
1.039331 -0.134733
2.695411 -0.673455
1.993359 -0.030142
2.120890 -0.068754
2.458283 -0.558711
1.411576 -0.600062
2.368168 -0.620724
3.949242 -0.537939
1.882066 -0.252113
2.262029 0.043168
3.406846 -0.200188
1.540299 -0.044093
1.713197 -0.626487
1.896678 -0.300782
0.929762 -0.364717
2.406583 -0.252634
1.398423 -0.234522
0.879264 -0.454167
2.357094 -0.326762
1.561893 -0.500095
1.210496 -0.284849
0.745367 -0.612300
2.015596 -0.287654
1.764185 -0.655431
2.007474 -0.457134
1.211338 -0.434381
1.458014 0.086113
-0.809042 -0.565424
2.452641 -0.004747
3.238703 -0.400303
1.462747 -0.541822
2.188636 -0.076287
1.816020 -0.621019
0.666143 -0.263047
2.370641 -0.231349
1.745464 -0.603484
0.369784 0.025968
2.836570 -0.082869
0.341009 -0.312001
1.523834 -0.185857
-0.360366 0.500038
0.272177 -0.324990
1.097102 -0.411011
2.177153 -0.597469
2.387931 0.265875
0.091242 -0.301688
2.685799 -0.464793
2.266744 -0.421873
1.607239 -0.172962
1.026585 -0.143422
1.845233 -0.803311
1.999420 -0.377420
1.933427 0.030396
1.688235 -0.309911
0.885823 0.007331
1.766364 -0.452177
1.957094 -0.376571
1.697960 -0.441199
1.083471 0.166008
2.438743 -0.379278
1.167113 -0.566265
-0.658083 -0.717858
1.915925 -0.225117
1.394621 -0.275367
0.757109 -1.013668
1.520340 -0.622005
1.306689 -0.367492
2.400311 -0.213418
2.566189 -0.866735
1.378706 -0.120530
2.423580 0.208469
1.271975 -0.263022
2.150822 -0.022612
1.486739 0.093553
1.776464 -0.174562
0.123290 -1.074424
1.447444 -0.381169
2.023681 -0.311332
1.861272 -0.102046
-0.724157 -0.437455
2.679000 -0.523978
2.681003 -0.177429
2.644749 -0.784332
1.777688 -0.215139
2.226882 -0.387159
1.026438 -0.289192
0.713711 0.180254
2.555616 0.053790
0.795693 -0.065281
0.151398 -0.557738
1.201441 -0.498142
1.204859 -0.427388
2.882154 -0.402489
1.702828 0.076452
0.785660 -0.409648
2.256119 -0.109287
2.043864 -0.172107
2.036375 -0.278636
3.681446 -0.037204
2.351199 -0.352066
0.185659 -0.084436
1.615131 0.118410
2.143858 -0.977086
2.744059 -0.055464
1.296689 -0.457690
0.812127 -0.407801
0.042483 -0.519219
2.197761 -0.327932
1.797686 -0.228446
1.269979 -0.544160
2.230350 -0.779692
1.757239 -0.581033
2.237252 -0.486267
2.366736 -0.306946
2.678314 -0.476810
2.277945 -0.768604
2.675436 -0.314086
-0.258206 -0.611194
1.741068 -0.511097
0.352845 0.003480
-0.452535 -0.217650
0.632824 0.145033
0.983451 0.104083
1.709112 -0.388195
2.401867 -1.094186
0.371789 -0.293842
1.530908 -0.275172
2.500069 -0.127310
2.370690 -0.037011
3.196456 -0.208529
-0.112309 -0.200992
1.668131 -0.206753
0.823242 -0.026828
2.922202 -0.733898
1.378617 -0.595272
1.160827 -0.205014
0.382318 0.100352
1.272083 -0.277726
0.556845 0.227252
0.109561 -0.271811
2.039474 -0.529938
1.548765 -0.749898
2.418625 -0.463720
3.208563 0.072967
0.860423 0.341327
1.566679 -0.279522
1.395054 -0.511131
0.529821 -0.013355
2.776419 -0.303330
1.765959 -0.163765
1.584974 -0.705086
1.907601 -0.489584
0.456339 -0.304369
1.532661 -0.557762
1.213728 -0.275457
1.224940 -0.503603
0.344183 -0.749462
1.436043 -0.307010
3.293460 -0.685287
2.595319 -0.795830
0.925812 -1.100207
1.343827 0.283290
1.990520 -0.072680
2.046990 -0.534432
0.191872 -0.365322
2.112617 -0.318708
2.110164 -0.237045
1.739743 -0.292757
0.849351 -0.279067
0.873501 -0.274172
0.934997 -0.131678
1.524707 -0.433121
2.701428 -0.408974
3.025351 -0.691106
1.840797 -0.343731
1.630693 -0.125164
0.975963 -0.063151
2.099612 -0.499381
2.509873 -0.488331
1.098946 0.001912
0.935416 -0.330361
2.101736 -0.063973
1.156271 -0.494438
3.255417 0.119062
1.642276 -0.126032
0.448900 -0.266243
2.658329 0.025645
2.569190 -0.500803
0.040938 0.065849
2.062323 0.076743
2.105340 -0.503668
1.790952 -0.635700
0.230938 -0.292829
1.407163 -0.065630
1.708935 -0.273630
1.380296 -0.282661
1.387419 -0.465643
0.982436 -0.448379
1.338772 -0.204992
2.677443 -0.533544
2.419413 -0.172475
2.199887 0.011198
1.524510 -1.003010
1.153293 -0.507218
1.031058 -0.778077
1.402055 0.152469
2.981495 -0.396025
0.856815 0.170173
0.264075 -0.125049
0.683053 -0.250933
2.102579 -0.838648
2.104008 -0.192485
0.713697 -0.036468
1.423396 -0.504152
1.956372 -0.680252
2.285853 0.270887
1.942077 -0.008852
1.504502 0.377648
1.796245 -0.369513
1.757165 -0.318488
-0.180456 0.253979
0.557684 0.374616
0.653137 -0.006965
1.582513 -0.382250
2.201777 -0.358050
0.886807 -0.838946
2.389353 -0.799320
0.636268 -0.828011
-0.223424 -0.711779
-0.869114 -0.531214
1.255313 0.150477
1.970288 0.034230
1.717689 -0.282187
0.534331 -0.757650
1.707678 -0.244385
0.611847 -0.413864
1.951603 -0.350287
2.961571 -0.471596
1.340976 -0.077728
2.183600 -0.580727
1.653090 -0.292155
1.197475 -0.246107
1.048952 -0.216016
1.606094 -0.168358
0.926714 -0.337854
2.429056 -0.176493
1.468567 -0.583757
3.041820 -0.039818
1.276000 -0.240663
1.069090 -0.073949
0.007840 -0.211461
1.094814 -0.276886
0.606787 0.279301
0.730111 0.354691
1.722051 -0.723702
2.589198 0.043393
3.102407 -0.694230
0.862129 -0.311031
0.265310 -0.433399
0.410189 -0.093402
1.662760 -0.153288
1.882813 -0.403921
2.243621 -0.560495
0.206612 -0.392356
1.107275 -0.338915
1.110099 -0.615817
1.763029 -0.315352
2.340317 -0.258014
-0.223291 -0.781956
1.481631 -0.251538
1.058233 -0.402276
2.417264 -0.611207
1.456308 -0.099990
-0.297060 -0.018658
-0.313521 -0.235397
2.074395 -0.681346
1.198112 -0.514257
0.975345 -0.235194
2.544356 -0.410401
2.390875 0.122039
1.446899 -0.364518
0.507037 -0.595592
2.685270 -0.433076
1.770234 -0.105544
1.080559 0.497585
0.594575 -0.014786
0.901923 -0.841558
1.970091 -0.220179
0.436136 -0.295085
1.413364 -0.635216
0.573929 -0.437649
0.544658 -0.625030
0.603456 -0.434614
1.380503 0.117403
2.249916 -0.190117
1.933006 -0.271496
1.893070 -0.472201
2.225351 -0.600849
-0.158592 -0.444543
0.639677 -0.524833
1.068275 -0.689063
0.719664 -0.226631
1.319688 0.098276
0.256537 -0.324867
2.395010 -0.327917
0.421903 -0.845853
1.421915 -0.615342
1.982667 -0.221138
-0.099532 -0.646094
3.390759 -0.276912
0.369984 -0.565287
1.594346 -0.247144
-0.072966 -0.080878
1.723046 -0.424825
1.923267 0.325108
1.590530 -0.377683
2.670139 -0.698481
2.128822 0.015939
0.733814 -0.310339
1.483358 0.180187
0.672615 0.017429
1.169944 -0.373081
2.375069 -0.136173
0.464096 -0.473095
-1.310002 -0.224632
0.925195 -0.257588
1.160844 0.132049
1.920336 -0.158536
1.309073 -0.294142
2.181461 -0.705165
-0.057169 -0.826571
2.278205 -0.729993
3.614678 -0.162134
2.425077 -0.409364
1.898926 -0.513123
1.104238 -0.869598
1.426214 -0.360981
1.386634 -0.356637
0.230020 -0.536155
2.168246 -0.173186
1.185742 -0.653725
1.750342 -0.129264
1.973575 -0.585870
1.287436 -0.304529
2.472451 -0.198545
1.613162 0.044328
0.902978 -0.340961
0.034967 -0.039527
1.794661 -0.336038
0.759010 -0.009409
2.406953 0.110898
0.702651 -0.629579
3.025979 -0.268353
2.395580 -0.423713
1.680319 -0.037139
0.068601 -0.816820
0.407451 -0.231508
1.567713 -0.106639
1.719064 0.427018
1.358514 -0.149488
2.864908 -0.746496
0.632156 -0.359633
1.549270 0.109635
0.699857 0.112166
0.584830 -0.114858
1.269081 -0.217225
2.268888 -0.393918
1.385752 -0.273823
1.173229 -0.455491
1.762154 -0.057405
1.953547 -0.725216
2.289504 -0.625363
1.815979 -0.217390
1.498256 -0.782339
-0.319451 -0.530488
0.478861 -0.126345
1.291372 -0.964861
1.101676 -0.731855
3.597178 -0.763725
1.307343 -0.377620
0.277083 -0.285923
1.515892 -0.059893
2.783452 -0.469098
0.919740 -0.448442
0.413159 -0.306077
1.778218 -0.296300
2.230780 -0.210888
1.680212 0.117463
1.569474 -0.694949
2.850974 -0.470007
1.614352 -0.091036
0.032364 -0.332791
-1.094220 -0.466372
1.728821 -0.561626
-0.056117 -0.509415
-0.446511 0.024418
-0.127848 -0.046011
1.008280 -0.172640
1.240143 -0.250565
0.238424 -0.247237
1.139487 -0.204292
0.644171 -0.352747
2.126598 -0.523748
1.714755 -0.551024
1.166284 -0.619127
1.753425 -0.201465
1.897874 -0.676184
2.211448 -0.305163
2.037454 -0.256917
1.677531 -0.742211
1.710810 -0.351489
0.249826 0.131320
2.407565 -0.415049
1.789717 -0.848175
1.474840 -0.848473
2.564656 -0.778559
0.945366 -0.330666
0.653263 -0.840558
2.530864 -0.313330
1.524557 -0.324366
1.002718 -0.248642
0.301089 -0.474790
0.342109 -0.520170
0.802654 -0.402478
-0.125537 0.253833
2.932694 -0.688506
0.203309 -0.245162
2.763736 -0.448066
0.209436 0.135243
1.378434 -0.550376
-0.085706 0.179819
1.405565 -0.484348
1.971231 -0.296571
0.889463 -0.728547
2.260865 -0.204652
3.463622 -0.622102
1.464576 -0.614721
1.136034 -0.198267
0.704584 -0.350815
3.143399 -0.683488
1.208092 -0.247314
2.459157 -0.254805
3.372290 -0.521722
0.747625 -0.588292
2.621624 -0.815381
0.626692 0.141536
1.140069 0.198927
-0.683849 0.076315
0.626810 -0.129898
0.703238 -0.466848
1.635939 0.094365
2.226717 -0.678162
0.691417 -0.384595
0.925392 0.127416
0.738788 -0.243683
1.490372 -0.563769
2.768238 -0.383591
1.505445 0.285879
0.800539 -0.273898
1.402698 0.038947
0.775827 -0.619683
0.423616 -0.236439
0.055282 -0.502564
2.571195 -0.079262
1.523366 -0.134654
0.439042 -0.223781
1.977390 -0.147071
2.632708 -0.361824
2.343760 -0.428522
0.802784 -0.551483
0.273410 -0.149348
1.964498 -0.518415
-0.050985 0.299006
1.186022 0.133723
1.033859 -0.581254
1.199376 -0.099528
-0.243079 -0.479163
2.794844 -0.537579
3.257341 -0.262371
1.606264 -0.517179
-0.422976 -0.390449
0.865896 -0.339614
1.060678 0.104304
1.242810 -0.029155
1.195356 -0.292814
2.444338 -0.327703
2.344081 0.269035
1.809055 -0.426540
1.467869 -0.074397
1.165610 -0.068172
2.249059 -0.322398
2.069606 -0.188479
1.998538 -0.339479
2.232081 -0.681994
2.002946 -0.423814
1.327822 -0.368530
1.702858 -0.042942
0.677473 -0.187158
2.382090 -0.694131
1.289166 0.156890
0.375341 -0.678437
0.125942 0.161147
1.264794 0.003452
2.121611 -0.182024
1.418121 -0.399712
0.052042 -0.118250
0.749281 -0.478363
0.728776 -0.174054
1.421224 -0.500591
3.010164 -0.230698
0.387593 0.035447
1.976220 -0.388443
0.504752 -0.684099
1.119974 -0.821498
0.590325 -0.367261
-0.681826 -0.144838
2.288392 -0.483626
-0.129352 -0.124826
0.279248 -0.572121
0.706485 0.212864
1.516979 -0.178711
1.395399 -0.440401
1.759645 -0.991192
1.085283 -0.178172
-0.339406 -0.211464
2.026877 0.063627
1.294534 -0.727830
1.934556 -0.700798
2.948118 -0.868143
2.331003 -0.713343
1.346377 -0.696243
0.677678 -0.228413
1.657357 -0.481904
1.892197 -0.042636
2.095854 -0.845480
1.700649 -0.662485
1.123337 0.170329
0.651398 -0.318380
0.409653 -0.026955
1.146477 -0.466124
-0.370900 -0.058212
-0.293021 0.245670
2.101244 -0.172099
2.079708 -0.057712
1.399767 -0.284127
1.120759 0.321609
1.460020 -0.417674
1.068468 -0.680753
0.098300 -0.663979
2.745381 -0.473650
1.646812 -0.605602
1.125628 0.327801
1.894591 0.243498
1.738873 0.209020
2.050184 -0.571614
1.484255 -0.404882
2.985026 -0.404899
0.455837 -0.734146
3.707146 -0.548313
0.829380 0.326509
-0.739392 -0.048122
0.260052 -0.248860
2.322148 -0.320883
1.663492 -0.170947
0.243696 -0.262049
1.799074 -0.192686
0.782677 0.174529
0.661165 -0.680545
-0.573029 -0.382115
0.664523 -0.180900
1.611316 -0.356062
0.858304 -0.475751
0.893878 -0.273227
1.171547 -0.442356
3.010721 -0.388758
1.158438 -0.005044
0.976820 -0.089885
-0.598658 0.006556
1.707255 -0.303763
2.456134 0.237625
1.144496 -0.514417
0.689691 0.065972
-1.190945 0.342460
0.441456 -0.114998
1.239828 -0.154516
1.246615 -0.370257
1.346508 -0.237509
1.445237 -0.502227
1.787219 0.186460
1.268786 0.021498
1.597072 -0.381596
2.151686 -0.053375
1.921255 -0.962042
0.064791 -0.282022
0.708562 -0.315530
0.516864 -0.432516
1.658139 -0.115457
0.713604 -0.241322
1.059399 -0.242580
1.640998 -0.687093
1.805449 -0.251929
0.740980 -0.401288
1.801087 -0.125553
1.146708 -0.344484
2.890577 -0.148266
2.660737 -0.823865
0.743714 -0.989672
1.239130 -0.415587
0.907674 -0.067218
1.823266 -0.953329
0.596001 0.305853
2.355696 -0.037923
0.982691 -0.095700
0.544710 -1.065411
0.385001 -0.146998
1.295269 0.165559
0.518454 -0.523047
2.169089 -0.734852
2.941612 -0.233528
1.714098 -0.495306
0.110263 0.147092
1.356971 -0.834631
1.169875 -0.259019
0.964450 -0.401792
3.302102 -0.392380
1.983730 -0.891444
3.268598 -0.494702
2.960360 -0.341581
1.149614 0.046068
-0.137886 0.297715
0.662648 -0.032001
0.802740 -0.419936
0.866083 -0.226927
1.038748 -0.084605
0.309966 -0.192962
0.745757 -0.630535
1.640619 -0.290380
0.111772 -0.281532
-0.008858 -0.613714
-0.402009 -0.212543
0.998897 -0.617746
-0.974193 0.254667
0.820655 0.248046
1.719591 -0.414411
1.249071 -0.558447
1.401656 -0.278817
2.699472 -0.475481
2.390997 -0.398580
0.267202 -0.043338
1.185134 -0.263489
0.945434 -0.810629
0.577805 -0.040351
0.789216 -0.062065
1.819182 -0.181312
3.162129 0.374907
0.578837 -0.285413
1.045069 -0.277853
0.295209 0.188455
2.588099 0.018998
1.985612 0.009717
1.316126 0.206006
1.123358 -0.594354
2.096393 -0.788849
2.091126 -0.218240
1.403329 -0.410801
0.548846 -0.323478
2.431212 0.031955
1.624524 -0.322263
1.678636 -0.052317
1.301089 -0.537581
1.512118 -0.097019
0.664478 -0.011621
0.520828 -0.223012
0.165643 -0.229917
0.400128 -0.075451
2.160689 -0.278340
2.659390 -0.526122
3.107592 -0.678866
0.830983 0.268973
0.316795 -0.390903
0.477538 -0.743042
1.659200 -0.739734
-0.005431 -0.209466
0.479875 0.118192
2.035971 -0.710593
1.469609 -0.310045
1.176644 -0.105425
0.701672 -0.352150
1.860490 -0.554205
2.217460 -0.669321
1.679737 -0.341229
1.202714 0.094664
0.234246 0.269674
-0.148816 -0.098217
1.443999 -0.381773
2.351393 -0.824550
2.197216 -0.548755
0.954690 -0.336394
1.090214 -0.375712
0.710703 0.152678
1.469618 -0.155420
2.033689 -0.514256
2.244887 -0.471416
1.640721 -0.099024
0.673298 0.218959
1.321517 -0.601692
0.458616 0.105235
1.828084 -0.601835
2.244837 -1.049231
3.016135 -0.280020
2.222009 -0.556722
1.554801 0.104079
1.061146 -0.260897
0.650587 -0.432898
1.175258 -0.135080
1.701701 -0.361965
1.713940 -1.017876
0.877976 -0.080298
1.707469 -0.567883
2.093136 -0.025232
1.555934 0.082094
0.172454 -0.373041
1.406972 -0.083604
0.706332 -0.049180
1.808702 -0.751115
2.028576 -0.176496
1.560715 -0.519861
1.598840 0.012773
0.930448 -0.352409
0.828640 -0.142165
1.632742 -0.152665
0.241817 -0.690988
1.428027 0.340212
1.414526 -0.193083
1.086825 -0.221736
2.720045 -0.381703
2.259151 -0.288590
2.162337 0.026863
1.958291 -0.403876
0.871840 0.105619
2.219125 -0.006906
1.983674 0.296301
1.383548 -0.308609
1.026106 -0.187166
1.015120 -0.077529
2.933179 -0.838346
1.295178 -0.147661
2.181477 -0.002156
1.880132 -0.260458
-0.588521 -0.183642
2.381235 -0.431483
0.595537 -0.094047
0.179987 0.281810
-0.159499 -0.494616
0.882553 0.002257
1.884893 0.098567
1.358957 0.185293
1.684684 0.413059
1.802588 0.020796
1.579449 -0.322666
-0.429799 0.129857
0.134409 -0.158102
1.253056 -0.382548
0.603193 -0.029693
1.729089 -0.438315
0.218996 -0.278418
2.874126 -0.495800
2.780598 -0.397706
2.626338 0.106690
1.989316 -0.065599
1.726875 -0.088713
1.669224 -0.883611
2.425409 -0.939371
1.327955 -0.508425
0.920946 -0.342033
0.729176 -0.414587
0.813374 0.089980
1.508748 -0.228081
1.222211 -0.373034
3.139720 -0.493924
0.332149 -0.528130
2.291939 -0.408999
2.012009 -0.479222
1.375365 -0.364263
1.627340 -0.398947
2.103761 -0.900858
2.706765 -0.190298
3.770373 -0.048646
1.015073 -0.067153
-0.705438 -0.138353
1.679963 0.085095
1.605036 -0.498353
2.009598 -0.549462
0.296043 0.101859
2.813468 -0.614196
2.919213 -0.226993
0.799339 -0.532403
1.041560 -0.235397
1.509126 -0.501246
0.380899 -0.623022
1.745351 -0.910408
0.529814 -0.538636
0.775213 -0.377835
0.037123 -0.476263
-0.206897 -0.322066
1.026101 -0.647196
2.193595 -0.239707
1.588281 -0.042952
2.522453 -0.938844
2.022629 0.315643
-0.245708 -0.543924
-0.595187 -0.066233
0.830719 -0.481448
1.046744 -0.347619
1.392140 0.222531
0.320335 -0.542839
1.367550 -0.601864
1.578112 -0.385967
0.574830 -0.127131
1.706899 -0.621315
0.703677 -0.770305
2.674183 -0.070188
0.686380 -0.240995
1.447354 0.204347
1.571824 0.268432
1.461112 -0.089966
1.258087 -0.436638
0.516590 -0.808949
2.445764 -0.318447
0.760830 -0.084864
1.155681 -0.289670
4.008238 -0.319383
1.655888 0.174009
1.792502 -0.716222
1.875913 -0.253893
1.651503 -0.197997
0.162904 -0.080455
1.256885 -0.032947
0.717259 0.259316
0.496178 -0.969481
1.454227 -0.561427
0.984707 0.392118
0.357771 -0.499108
1.030800 -0.225553
2.292492 -0.639135
3.572895 -0.844772
1.739663 -0.295766
1.384931 -0.158823
1.490604 0.026720
2.172857 -0.719522
1.972784 -0.428087
1.848651 -0.037387
0.229864 -0.577459
2.248637 -0.207798
2.279808 0.184178
1.679704 -0.501015
0.998828 -0.503972
0.670756 -0.143417
1.275482 -0.271656
0.906891 -0.917098
1.549990 0.366542
1.572337 -0.385775
1.047937 0.122933
0.525447 0.126717
1.054777 -0.458595
2.036624 -0.166238
1.425521 -0.020358
0.951143 0.058385
1.552437 -0.018438
0.864261 -0.042270
0.890255 -0.075491
0.722413 -0.468915
1.115328 0.090658
0.678510 -0.289964
1.946869 -0.180468
2.078443 -0.313723
1.361811 -0.026149
1.691021 -0.203396
0.278495 -0.347348
1.817523 -0.499777
1.311162 -0.307856
3.112760 -0.502398
0.112832 -0.053253
1.920450 -0.571420
1.742530 -0.331154
1.283437 -0.667746
1.853323 -0.572546
1.303448 -0.803463
1.060847 -0.039065
2.075718 -0.586420
1.026298 -0.283609
-0.081608 0.693543
2.039010 -0.544720
0.494001 0.247952
0.841081 -0.569031
2.113965 0.086227
-0.051626 -0.244492
1.703094 -0.259184
0.950075 -0.431399
-0.155771 -0.631694
2.734377 -0.453953
1.696641 -0.657263
1.868723 -0.291515
0.492225 -0.378844
1.186116 -0.228793
1.404506 -0.635119
1.330113 -0.679089
2.598447 -0.316847
1.470622 -0.600482
1.111302 0.160864
1.320171 0.268316
0.631099 -0.209932
1.730832 -0.125105
1.127637 0.175785
2.224428 -0.643443
1.274000 0.114175
1.965783 -0.118467
2.586939 -0.355211
1.792860 0.048724
0.993789 -0.230850
0.474212 -0.664302
2.011846 -0.713568
1.809249 -0.244195
2.628080 0.078804
3.078762 -0.625223
1.453266 -0.519521
1.482298 -0.370754
1.483508 -0.545956
0.761366 -0.245837
0.583702 -0.418475
2.291695 -0.577866
0.605609 -0.474206
0.257722 -0.324456
1.973804 -0.334359
1.183357 0.269937
0.513509 0.070533
0.937384 -0.627122
2.072151 -0.081260
0.560445 0.012232
0.632735 -0.351809
2.583677 0.551884
2.094082 -0.219980
1.736391 -0.436286
0.759365 -0.381178
-0.297247 0.200519
2.005809 -0.307627
1.869679 -0.564229
0.800131 0.357160
2.645464 -0.307301
1.137399 0.045555
1.801822 -0.667476
-0.032659 0.093752
0.250547 -0.210150
2.160004 -0.185158
0.947537 -0.568320
1.526551 -0.425096
0.470452 -0.416791
-0.396949 -0.425197
1.679821 -0.521670
0.617504 -0.410539
1.408190 0.037685
1.663449 -0.573157
1.279166 -0.849652
1.099326 0.251695
0.990410 0.255451
0.382175 -0.717489
0.987825 -0.533924
0.429699 -0.119526
0.616238 -0.198243
3.148909 0.167813
1.567229 -0.504565
2.387359 -0.403562
1.477117 -0.230264
2.330645 -0.359013
0.351062 -0.586540
1.864918 -0.451885
0.680672 0.156979
2.383571 -0.345373
0.971794 -0.350202
2.677670 -0.687101
1.287998 -0.331185
1.007574 0.173615
1.484833 -0.139860
0.310591 0.043402
2.047244 -0.614654
1.155110 -0.612135
1.565603 -0.477976
1.327598 -0.016660
1.561047 -0.954920
1.391003 0.057513
1.202733 -0.270939
1.367004 -0.441432
1.035989 0.033524
0.784415 -0.255847
0.883616 -0.320133
0.678669 -0.262222
1.485451 -0.454215
-0.257445 -0.207772
2.024573 -0.332197
1.316906 -0.430275
-0.744401 -0.162936
0.885195 -0.093924
1.927634 -0.727566
1.361071 -0.187036
1.485222 -0.198702
1.139031 -0.352990
3.392685 -0.111047
0.768154 -0.556225
-0.113920 -0.743935
2.252113 -0.479304
2.059499 -0.316711
1.529937 0.324755
1.577956 -0.595961
3.678981 -0.379554
1.040112 -0.844193
0.208511 -0.032486
0.182360 -0.063287
0.108545 -0.422729
1.000726 0.128564
0.752077 0.271100
1.838311 -0.327752
1.571192 -0.829341
1.149502 -0.284867
2.336817 -0.243984
2.109029 0.038253
1.432820 0.048100
1.144923 -0.868171
1.842816 -0.284964
3.479631 -0.842711
2.734930 -0.353046
1.792559 -0.153778
0.701783 0.176813
2.110903 -0.209369
1.630873 -0.533414
1.627646 -0.563996
1.522697 0.161100
0.003059 -0.462660
1.358650 -0.381702
0.739990 -0.112668
1.160704 -0.309978
1.951390 -0.859807
2.148026 -0.697537
2.543132 -0.629972
1.163159 0.060893
1.191028 -0.436543
1.913100 -0.462843
0.456296 -0.603158
0.266350 -0.246262
1.379226 -0.137317
3.037236 -0.408382
1.817284 -0.100073
1.008829 -0.008232
3.117924 -0.063494
2.643129 -0.286635
1.475228 -0.543334
1.798595 -0.513127
0.386170 -0.071186
1.766475 -0.677240
-0.015248 0.106187
1.713693 -0.527873
2.841188 -0.073295
1.152775 0.083273
-0.324194 -0.324436
0.006194 -0.151844
1.425508 -0.448421
2.212246 -0.158051
1.639752 -0.511407
1.365749 -0.540325
1.152344 -0.234656
1.734267 -0.906436
2.027290 0.005125
3.254516 -0.889482
1.368001 0.030010
0.456320 -0.136090
0.343429 -0.243462
1.185799 0.207386
1.132016 -0.553533
2.977251 -0.431170
2.281730 -0.860614
1.967629 -0.280370
0.944543 0.147913
0.982829 -0.065282
2.320503 0.107035
2.663048 -0.931567
2.771250 -0.363016
0.690143 -0.515549
2.014773 -0.042687
1.475015 -0.314127
0.927434 -0.418359
0.184658 -0.377338
0.407287 -0.127001
3.105969 -0.343590
0.486555 -0.355942
2.210547 -0.541221
1.514862 -0.041180
1.182882 -0.241195
0.677947 0.007396
2.556070 -0.263218
0.866453 -0.122446
2.770497 -0.390238
1.657700 -0.314393
1.882312 0.267789
2.431073 -0.100810
0.681453 -0.945725
2.085294 -0.222584
0.238798 -0.683002
0.071418 -0.216124
1.075670 -0.438082
1.320679 -0.387238
2.582487 -0.221094
2.179263 -0.474936
2.089197 -0.144530
1.342633 0.011938
1.281280 -0.453724
0.964836 -0.487938
1.691550 -0.239966
1.247283 0.214178
1.545436 -0.484417
2.106439 -0.514718
-0.140178 -0.338695
1.391662 -0.176107
0.093366 -0.376776
1.138667 0.079547
2.291933 0.511733
1.911279 -0.438461
1.367400 -0.210040
1.612161 -0.401409
1.993055 -0.680127
0.974678 0.016983
2.595813 -0.542631
0.718006 -0.227342
1.812300 -0.057722
1.440511 -0.099207
1.495816 -0.379655
0.895312 -0.068986
1.913606 -0.282075
2.165508 -0.407134
1.745854 -0.214763
-0.030273 0.089239
0.708026 0.195760
-0.180084 -0.317041
2.146617 -0.347523
3.058876 0.594959
1.733172 -0.781045
-0.342005 -0.258651
1.280713 -0.206481
1.517117 -0.427050
1.440731 -0.062445
-0.718449 -0.090360
3.087602 -0.657524
1.189916 0.223691
1.661342 0.572078
2.709724 -0.457799
2.832986 -0.389879
1.291386 -0.698466
1.896659 -0.181954
0.627931 -0.092307
-1.028191 -0.218231
0.700771 -0.210588
1.655971 -0.633636
2.239718 -0.575244
1.021149 -0.077085
-0.364194 -0.735912
1.298911 -0.417859
1.830801 -0.432715
0.921625 0.413249
1.170179 -0.610243
1.758427 -0.318018
1.216789 -0.218676
0.316716 -0.424373
1.095634 -0.694458
2.751961 -0.499786
1.002842 -1.105753
-0.342424 -0.413648
1.814254 0.008685
2.584173 -0.410035
0.723214 -0.048762
-0.098559 -0.271926
0.537203 0.339023
2.782039 -0.258750
2.020331 -0.807623
2.620866 -0.213714
1.866650 -0.074782
-0.082360 -0.163456
0.220505 -0.102767
2.536080 0.238843
0.213606 -0.299014
1.846168 -0.099074
0.765760 -0.114313
1.036628 -0.261755
1.765779 0.274510
1.315026 -0.170956
1.175738 -0.024118
1.396053 0.102321
1.479534 -1.094417
1.241284 -0.216107
0.124255 -0.497391
1.483976 -0.461249
1.538774 -0.302144
2.244628 -0.800980
0.631129 0.210472
2.696768 -0.201932
2.593656 -0.531785
0.649621 0.029527
2.892575 -0.628762
2.212537 -0.550476
1.141605 -0.479348
1.944589 -0.298441
0.390805 -0.656480
1.823280 -0.262696
0.854368 -0.103955
1.972042 -0.127004
0.957865 -1.054212
-0.254660 0.224963
1.846806 -0.468822
1.569162 -0.474093
0.681330 -0.075385
1.528571 -0.227757
0.895694 -0.153134
0.082271 -0.425479
-0.862502 -0.142183
2.361387 -0.129767
1.502769 -0.178030
2.344806 -0.497556
2.945345 -0.041667
0.820316 -0.104239
1.938273 0.304804
0.135310 -0.265382
0.722814 -0.628837
3.490778 -0.302695
1.587737 -0.382647
1.455926 0.104852
0.249849 0.065669
1.860905 -0.452445
1.670982 0.071393
2.542812 -0.759612
1.799495 -0.455475
3.243313 -0.164471
1.763328 -0.202423
1.275395 -0.292330
0.739197 -0.059043
1.057418 -0.324499
3.292723 -0.096987
1.642738 0.115561
1.615573 -0.459614
1.054071 -0.093006
2.178884 -0.097617
0.665493 -0.328106
1.752831 0.164095
2.816465 -0.388362
1.815766 0.287785
2.105533 -0.483084
1.435842 -0.764221
2.361792 -0.967533
1.282701 -0.154925
1.618476 -0.350247
0.979087 0.394297
1.092236 0.061181
-1.019147 -0.042405
0.516782 -0.124684
1.524849 -0.325772
1.214986 -0.410367
-0.122911 0.066584
-0.220154 -0.090847
0.281568 -0.230210
1.006509 -0.592550
2.240090 -0.235753
1.874084 -0.200253
1.363149 -0.256751
-0.635658 -0.338571
1.569291 -0.166254
0.221912 -0.311004
1.901766 -0.210156
1.998945 -0.247374
2.311823 -0.482593
0.197041 -0.312694
1.545133 -0.624639
1.390388 -0.413545
3.044265 -0.089471
1.830886 -0.294591
2.602797 -0.481324
2.170389 -0.277978
2.364403 -0.468786
0.284108 -0.399789
2.260553 -0.576550
1.197697 -0.451147
1.954439 -0.691620
1.174861 -0.410444
-0.295034 -0.208734
2.406242 -0.268420
1.757243 -0.423014
2.050741 -0.005860
1.355966 0.221403
1.439769 -0.006494
0.898212 -0.192326
1.482096 -0.663966
1.590738 -0.674029
3.282379 -0.112281
2.058332 -0.429550
0.131348 -0.768377
0.864069 -0.593075
2.566371 -0.598747
0.594904 -0.126686
0.445510 -0.255899
1.000268 -0.529301
0.658388 -0.408089
0.745953 -0.216284
3.397122 -0.584443
2.421660 -0.594835
0.767753 -0.793948
1.514684 -0.366528
1.483245 -0.342295
1.999452 0.282709
0.849181 -0.025561
1.218391 0.006808
3.420688 0.040106
0.964762 -0.250166
1.858384 -0.159151
-1.031326 -0.134787
0.539520 -0.204307
1.888501 -0.381303
3.214998 -0.333840
2.984257 -0.577343
0.867419 0.013030
0.264545 -1.122735
3.239018 0.238349
1.445976 -0.279248
1.254992 -0.186093
1.029078 -0.156523
1.954539 -0.497272
2.147406 -0.860923
2.248077 -0.128579
-0.395003 0.094047
-0.051654 -0.353196
1.805717 -0.634270
1.572010 -0.261227
1.550615 -0.558965
1.019485 0.397882
-0.453175 -0.079889
1.749238 -0.080797
2.287508 -0.033745
2.009588 -0.289349
3.256174 -0.794702
1.504634 -0.311294
2.664365 -0.169202
0.744793 -0.295463
1.984185 -0.324249
0.726299 -0.678596
2.414669 -0.240699
0.006215 0.067942
0.381708 0.306749
2.118883 -0.602396
0.176516 -0.601643
2.448172 -0.124811
1.977075 -0.728707
1.544900 -0.686248
1.196880 -0.515396
1.124082 -0.005185
3.187289 -0.571798
1.186905 -0.148895
1.124319 -0.069351
1.385055 0.143606
2.875288 0.034890
1.420615 0.170936
0.196565 -0.077242
2.247791 -0.219088
-0.150240 -0.247637
1.695846 -0.191757
0.089790 -0.037093
1.684639 -0.264552
1.502452 -0.021310
1.497999 -0.617295
1.203984 0.061669
1.445021 -0.290787
0.909510 -0.278305
1.389767 -0.919575
1.699541 -0.226535
0.654577 -0.451173
0.947569 -0.294007
-1.155665 -0.983545
-0.389837 -0.272847
1.417290 -0.626496
1.460157 -0.850010
0.616337 0.193672
1.252016 -0.675399
-0.008064 -0.148656
0.216836 0.069373
0.455402 0.456538
-0.240057 -0.647183
1.671679 -0.414782
1.307082 -0.327135
2.606655 -0.211803
1.893402 -0.692363
0.952859 -0.643189
1.953776 -0.316022
2.521686 -0.420715
1.477775 -0.471976
0.470916 -0.591907
1.102280 -0.929792
1.532603 0.097336
1.943864 -0.418721
2.192828 -0.109907
2.007217 -0.350479
-0.046354 -0.102634
1.364293 -0.993009
0.720279 0.206877
2.726713 -0.450511
2.535477 -0.068642
0.495523 0.132115
2.709523 -0.374380
1.058298 -0.246773
2.029879 -0.709623
0.626553 -0.219769
-0.150339 0.051642
-0.192646 -0.256562
0.740713 -0.598233
0.267081 -0.260594
0.708879 -0.055752
2.240810 0.283499
0.408533 0.013453
2.494959 -0.436990
1.638603 -0.220727
1.549749 -0.821558
2.261130 -0.540231
0.509186 0.336860
2.184775 0.517295
1.848697 -0.721060
0.455751 -0.685803
-0.102689 0.121055
2.731618 0.047223
3.517073 -0.485889
2.183320 0.227473
1.635276 -0.269854
0.415174 -0.167025
0.528600 -0.174317
1.562273 -0.571101
1.804391 -0.734591
1.283085 -0.041720
1.515115 -0.957696
1.358944 -0.450899
0.780633 0.230971
1.308666 -0.238219
1.065316 -0.255043
2.172104 -0.584198
0.901030 -0.181155
1.521002 -0.277309
1.946759 -0.862886
0.395764 -0.089460
1.162183 -0.226555
3.023987 -0.516856
0.041698 -0.251920
2.149586 -0.134396
1.562927 -0.129408
2.121989 -1.039102
1.399205 -0.369969
1.640269 0.107580
0.462900 0.044658
0.512415 -0.293405
1.280788 -0.028001
1.246409 0.009314
2.334883 -0.311615
1.548671 -0.475229
0.804765 -0.786459
1.007823 -0.288633
1.164471 -0.758055
2.500275 -0.656932
0.906326 -0.003592
1.037874 -0.455128
1.866879 -0.581764
2.603104 -0.282780
2.681527 0.105569
1.627965 -0.250720
3.462883 -0.257028
1.599634 -0.031599
1.898665 -0.721105
0.763945 -0.049335
2.244608 -0.459516
1.248548 -0.170858
1.222546 -0.381135
-0.016611 -0.374389
0.863061 0.268895
0.918694 -0.551695
1.873642 -0.118475
0.498050 -0.172015
1.624682 0.328980
1.073593 -0.528370
0.095222 -0.096803
1.083311 -0.441493
0.645862 -0.033919
1.822760 -0.013471
0.747457 -0.263893
0.689904 -0.216141
1.878763 -0.382873
0.423111 -0.730999
1.853862 0.025488
2.689386 -0.703976
1.058485 -0.318461
2.657873 -0.254588
-0.203253 -0.172443
1.334406 -0.102021
0.408159 -0.431779
1.907459 0.290209
